name valid feature_q20[13] expected_package qualified support nearest_distance_sq_q40
baseline_qam16_bw20_bo058_seed41 1 262144 524288 608174 308405 1060349 2675028 51235 382190 11038207 62940 0 0 51235 1 1 7 0
baseline_qam16_bw20_bo058_seed53 1 262144 524288 608174 308405 1061581 2402483 51820 354701 4427664 134326 0 0 51820 1 1 7 0
baseline_qam16_bw20_bo058_seed67 1 262144 524288 608174 308405 1061681 2932143 50421 372471 2684832 297992 0 0 50421 1 1 7 0
baseline_qam16_bw20_bo070_seed41 1 262144 524288 734003 308405 1065244 2531923 64788 379910 10719002 80253 0 0 64788 5 1 7 0
baseline_qam16_bw20_bo070_seed53 1 262144 524288 734003 308405 1066224 2277944 64625 352359 4277696 127028 0 0 64625 6 0 0 0
baseline_qam16_bw20_bo070_seed67 1 262144 524288 734003 308405 1066482 2748703 62016 370757 2464781 320638 0 0 62016 6 0 0 0
baseline_qam16_bw40_bo058_seed41 1 262144 1048576 608174 308405 1058411 2984105 44439 353009 20841715 36489 0 0 44439 1 1 7 0
baseline_qam16_bw40_bo058_seed53 1 262144 1048576 608174 308405 1058814 3140961 43562 349985 37258584 101582 0 0 43562 1 1 7 0
baseline_qam16_bw40_bo058_seed67 1 262144 1048576 608174 308405 1061669 2868391 51229 368605 5057308 106040 0 0 51229 1 1 7 0
baseline_qam16_bw40_bo070_seed41 1 262144 1048576 734003 308405 1062657 2808638 53780 351661 18075901 37105 0 0 53780 5 1 7 0
baseline_qam16_bw40_bo070_seed53 1 262144 1048576 734003 308405 1062720 2960414 52707 348336 55048410 36430 0 0 52707 5 1 7 0
baseline_qam16_bw40_bo070_seed67 1 262144 1048576 734003 308405 1066758 2718785 63490 366716 5437361 139047 0 0 63490 6 0 0 0
baseline_qam64_bw20_bo058_seed41 1 1048576 524288 608174 308405 1059507 2778274 47436 364390 4904339 197677 0 0 47436 1 1 7 0
baseline_qam64_bw20_bo058_seed53 1 1048576 524288 608174 308405 1058104 2609845 43942 352310 5848374 109498 0 0 43942 1 1 7 0
baseline_qam64_bw20_bo058_seed67 1 1048576 524288 608174 308405 1060132 2880415 49067 363859 10942600 45607 0 0 49067 1 1 7 0
baseline_qam64_bw20_bo070_seed41 1 1048576 524288 734003 308405 1063776 2606225 58508 362433 5296665 225211 0 0 58508 4 1 7 0
baseline_qam64_bw20_bo070_seed53 1 1048576 524288 734003 308405 1062075 2461033 53431 350872 5482134 130607 0 0 53431 5 1 7 0
baseline_qam64_bw20_bo070_seed67 1 1048576 524288 734003 308405 1064796 2734621 60309 361621 11505743 41143 0 0 60309 5 1 7 0
baseline_qam64_bw40_bo058_seed41 1 1048576 1048576 608174 308405 1061737 2522666 48403 350972 8953590 62824 0 0 48403 1 1 7 0
baseline_qam64_bw40_bo058_seed53 1 1048576 1048576 608174 308405 1060578 2879864 47191 355507 10521177 59781 0 0 47191 1 1 7 0
baseline_qam64_bw40_bo058_seed67 1 1048576 1048576 608174 308405 1061344 2945166 47534 356339 12872185 55316 0 0 47534 1 1 7 0
baseline_qam64_bw40_bo070_seed41 1 1048576 1048576 734003 308405 1066663 2411483 60301 348865 10641169 87979 0 0 60301 5 1 7 0
baseline_qam64_bw40_bo070_seed53 1 1048576 1048576 734003 308405 1065103 2692740 57952 353978 11657235 42003 0 0 57952 6 0 0 0
baseline_qam64_bw40_bo070_seed67 1 1048576 1048576 734003 308405 1066247 2776598 58052 354758 13197637 51343 0 0 58052 6 0 0 0
gain_mid_low_qam16_bw20_bo058_seed41 1 262144 524288 608174 308405 1061485 2641683 54343 381810 10200397 55178 0 0 54343 1 1 7 0
gain_mid_low_qam16_bw20_bo058_seed53 1 262144 524288 608174 308405 1062636 2368201 54462 354448 4774431 139446 0 0 54462 1 1 7 0
gain_mid_low_qam16_bw20_bo058_seed67 1 262144 524288 608174 308405 1062758 2897328 52705 371909 2388616 266523 0 0 52705 1 1 7 0
gain_mid_low_qam16_bw20_bo070_seed41 1 262144 524288 734003 308405 1066720 2485778 69714 379139 9668482 85798 0 0 69714 5 1 7 0
gain_mid_low_qam16_bw20_bo070_seed53 1 262144 524288 734003 308405 1067792 2243585 69383 351760 4002672 169784 0 0 69383 6 0 0 0
gain_mid_low_qam16_bw20_bo070_seed67 1 262144 524288 734003 308405 1067742 2701248 66367 370028 2265704 317697 0 0 66367 6 0 0 0
gain_mid_low_qam16_bw40_bo058_seed41 1 262144 1048576 608174 308405 1059424 2943032 46591 352815 16561746 49076 0 0 46591 1 1 7 0
gain_mid_low_qam16_bw40_bo058_seed53 1 262144 1048576 608174 308405 1059660 3095368 45711 349580 34770131 50416 0 0 45711 1 1 7 0
gain_mid_low_qam16_bw40_bo058_seed67 1 262144 1048576 608174 308405 1062986 2847133 53690 368169 4454798 87625 0 0 53690 1 1 7 0
gain_mid_low_qam16_bw40_bo070_seed41 1 262144 1048576 734003 308405 1063769 2751039 57161 351465 16342379 42674 0 0 57161 5 1 7 0
gain_mid_low_qam16_bw40_bo070_seed53 1 262144 1048576 734003 308405 1063908 2905485 56109 348141 47921602 71663 0 0 56109 5 1 7 0
gain_mid_low_qam16_bw40_bo070_seed67 1 262144 1048576 734003 308405 1068196 2667191 67991 366270 4937498 119868 0 0 67991 6 0 0 0
gain_mid_low_qam64_bw20_bo058_seed41 1 1048576 524288 608174 308405 1060508 2737303 49939 363975 5428114 236333 0 0 49939 1 1 7 0
gain_mid_low_qam64_bw20_bo058_seed53 1 1048576 524288 608174 308405 1059089 2560626 45982 351925 5524962 123089 0 0 45982 1 1 7 0
gain_mid_low_qam64_bw20_bo058_seed67 1 1048576 524288 608174 308405 1061263 2835044 51703 363067 11682474 36299 0 0 51703 1 1 7 0
gain_mid_low_qam64_bw20_bo070_seed41 1 1048576 524288 734003 308405 1064999 2557937 62182 362113 5035926 215277 0 0 62182 4 1 7 0
gain_mid_low_qam64_bw20_bo070_seed53 1 1048576 524288 734003 308405 1063178 2436043 55685 350203 5281826 113614 0 0 55685 5 1 7 0
gain_mid_low_qam64_bw20_bo070_seed67 1 1048576 524288 734003 308405 1065783 2697785 64219 361291 11792343 43225 0 0 64219 5 1 7 0
gain_mid_low_qam64_bw40_bo058_seed41 1 1048576 1048576 608174 308405 1062810 2489620 50751 350482 9881256 63174 0 0 50751 1 1 7 0
gain_mid_low_qam64_bw40_bo058_seed53 1 1048576 1048576 608174 308405 1061884 2833675 49579 354979 12779566 79169 0 0 49579 1 1 7 0
gain_mid_low_qam64_bw40_bo058_seed67 1 1048576 1048576 608174 308405 1062422 2909876 49530 356025 10609026 62791 0 0 49530 1 1 7 0
gain_mid_low_qam64_bw40_bo070_seed41 1 1048576 1048576 734003 308405 1067994 2381280 64362 348484 10133582 79777 0 0 64362 5 1 7 0
gain_mid_low_qam64_bw40_bo070_seed53 1 1048576 1048576 734003 308405 1066537 2638442 61894 353631 10235979 53359 0 0 61894 6 0 0 0
gain_mid_low_qam64_bw40_bo070_seed67 1 1048576 1048576 734003 308405 1067553 2742126 61650 354333 14898850 52206 0 0 61650 6 0 0 0
gain_low_qam16_bw20_bo058_seed41 1 262144 524288 608174 308405 1062789 2612510 58261 380675 9038916 61495 0 0 58261 1 1 7 0
gain_low_qam16_bw20_bo058_seed53 1 262144 524288 608174 308405 1063861 2350197 58323 353861 4292691 99902 0 0 58323 1 1 7 0
gain_low_qam16_bw20_bo058_seed67 1 262144 524288 608174 308405 1064172 2828460 56393 371349 2410244 340305 0 0 56393 1 1 7 0
gain_low_qam16_bw20_bo070_seed41 1 262144 524288 734003 308405 1068056 2418337 75490 378286 9622683 76609 0 0 75490 5 1 7 0
gain_low_qam16_bw20_bo070_seed53 1 262144 524288 734003 308405 1069112 2187435 74830 351261 3934721 125607 0 0 74830 6 0 0 0
gain_low_qam16_bw20_bo070_seed67 1 262144 524288 734003 308405 1069695 2613433 71469 368759 2234664 316528 0 0 71469 6 0 0 0
gain_low_qam16_bw40_bo058_seed41 1 262144 1048576 608174 308405 1060673 2895575 49122 352446 17013772 49427 0 0 49122 1 1 7 0
gain_low_qam16_bw40_bo058_seed53 1 262144 1048576 608174 308405 1060657 3051763 47984 349216 54495527 49092 0 0 47984 1 1 7 0
gain_low_qam16_bw40_bo058_seed67 1 262144 1048576 608174 308405 1064422 2785712 57275 367687 5714850 116561 0 0 57275 1 1 7 0
gain_low_qam16_bw40_bo070_seed41 1 262144 1048576 734003 308405 1065152 2708541 61327 351033 16205727 54814 0 0 61327 5 1 7 0
gain_low_qam16_bw40_bo070_seed53 1 262144 1048576 734003 308405 1065187 2834981 59968 347382 82679620 85457 0 0 59968 5 1 7 0
gain_low_qam16_bw40_bo070_seed67 1 262144 1048576 734003 308405 1070144 2600045 73456 365543 5118197 117767 0 0 73456 6 0 0 0
gain_low_qam64_bw20_bo058_seed41 1 1048576 524288 608174 308405 1061712 2685775 53133 363441 4950483 191059 0 0 53133 1 1 7 0
gain_low_qam64_bw20_bo058_seed53 1 1048576 524288 608174 308405 1060263 2537989 48400 351462 5718785 101302 0 0 48400 1 1 7 0
gain_low_qam64_bw20_bo058_seed67 1 1048576 524288 608174 308405 1062477 2801185 54736 362696 11079930 35434 0 0 54736 1 1 7 0
gain_low_qam64_bw20_bo070_seed41 1 1048576 524288 734003 308405 1066450 2495721 67268 361357 5592713 152261 0 0 67268 5 1 7 0
gain_low_qam64_bw20_bo070_seed53 1 1048576 524288 734003 308405 1064890 2375430 60092 349685 4708890 127801 0 0 60092 5 1 7 0
gain_low_qam64_bw20_bo070_seed67 1 1048576 524288 734003 308405 1067274 2642462 68998 360642 10936642 36079 0 0 68998 5 1 7 0
gain_low_qam64_bw40_bo058_seed41 1 1048576 1048576 608174 308405 1064249 2461793 54552 349938 12713646 79985 0 0 54552 1 1 7 0
gain_low_qam64_bw40_bo058_seed53 1 1048576 1048576 608174 308405 1062855 2777055 52506 354708 11652922 60259 0 0 52506 1 1 7 0
gain_low_qam64_bw40_bo058_seed67 1 1048576 1048576 608174 308405 1063848 2865314 52629 355694 12121563 42369 0 0 52629 1 1 7 0
gain_low_qam64_bw40_bo070_seed41 1 1048576 1048576 734003 308405 1069562 2336620 70104 347710 8777357 82411 0 0 70104 5 1 7 0
gain_low_qam64_bw40_bo070_seed53 1 1048576 1048576 734003 308405 1068061 2570933 66753 352899 11721875 86054 0 0 66753 6 0 0 0
gain_low_qam64_bw40_bo070_seed67 1 1048576 1048576 734003 308405 1069217 2687762 66422 353570 14314506 41460 0 0 66422 6 0 0 0
gain_high_qam16_bw20_bo058_seed41 1 262144 524288 608174 308405 1059889 2690594 49349 382380 10185287 70943 0 0 49349 1 1 7 0
gain_high_qam16_bw20_bo058_seed53 1 262144 524288 608174 308405 1060591 2431671 49491 355356 4982955 138676 0 0 49491 1 1 7 0
gain_high_qam16_bw20_bo058_seed67 1 262144 524288 608174 308405 1060843 2956987 48294 372714 2506114 275353 0 0 48294 1 1 7 0
gain_high_qam16_bw20_bo070_seed41 1 262144 524288 734003 308405 1064376 2555689 62078 380124 11112800 61694 0 0 62078 5 1 7 0
gain_high_qam16_bw20_bo070_seed53 1 262144 524288 734003 308405 1065313 2309659 61780 352941 4384616 121404 0 0 61780 6 0 0 0
gain_high_qam16_bw20_bo070_seed67 1 262144 524288 734003 308405 1065572 2784794 59429 370994 2488679 304635 0 0 59429 6 0 0 0
gain_high_qam16_bw40_bo058_seed41 1 262144 1048576 608174 308405 1057912 3008406 43161 352966 20399817 50478 0 0 43161 1 1 7 0
gain_high_qam16_bw40_bo058_seed53 1 262144 1048576 608174 308405 1057911 3161271 42458 350290 24901937 124577 0 0 42458 1 1 7 0
gain_high_qam16_bw40_bo058_seed67 1 262144 1048576 608174 308405 1061077 2892060 49381 369004 5785454 121089 0 0 49381 1 1 7 0
gain_high_qam16_bw40_bo070_seed41 1 262144 1048576 734003 308405 1061709 2856338 51516 352141 23152152 42687 0 0 51516 5 1 7 0
gain_high_qam16_bw40_bo070_seed53 1 262144 1048576 734003 308405 1062062 2994276 50665 348743 29678300 53272 0 0 50665 5 1 7 0
gain_high_qam16_bw40_bo070_seed67 1 262144 1048576 734003 308405 1065833 2744456 60695 367082 4788582 113855 0 0 60695 6 0 0 0
gain_high_qam64_bw20_bo058_seed41 1 1048576 524288 608174 308405 1058821 2784020 46292 364824 5364274 190964 0 0 46292 1 1 7 0
gain_high_qam64_bw20_bo058_seed53 1 1048576 524288 608174 308405 1057541 2622323 42489 352700 5533252 106059 0 0 42489 1 1 7 0
gain_high_qam64_bw20_bo058_seed67 1 1048576 524288 608174 308405 1059507 2891174 47779 364213 11512971 37768 0 0 47779 1 1 7 0
gain_high_qam64_bw20_bo070_seed41 1 1048576 524288 734003 308405 1062901 2635358 56288 362408 5779751 211977 0 0 56288 4 1 7 0
gain_high_qam64_bw20_bo070_seed53 1 1048576 524288 734003 308405 1061232 2496614 50734 351136 5454832 93372 0 0 50734 5 1 7 0
gain_high_qam64_bw20_bo070_seed67 1 1048576 524288 734003 308405 1063861 2751310 57909 362034 11258545 32886 0 0 57909 5 1 7 0
gain_high_qam64_bw40_bo058_seed41 1 1048576 1048576 608174 308405 1061065 2530827 46552 351158 8788317 65675 0 0 46552 1 1 7 0
gain_high_qam64_bw40_bo058_seed53 1 1048576 1048576 608174 308405 1059983 2912352 45440 355568 8612652 49765 0 0 45440 1 1 7 0
gain_high_qam64_bw40_bo058_seed67 1 1048576 1048576 608174 308405 1060545 2957732 45895 356769 13546428 50911 0 0 45895 1 1 7 0
gain_high_qam64_bw40_bo070_seed41 1 1048576 1048576 734003 308405 1065666 2427577 57568 349420 11802700 71719 0 0 57568 5 1 7 0
gain_high_qam64_bw40_bo070_seed53 1 1048576 1048576 734003 308405 1064252 2726554 55511 354104 10241266 59055 0 0 55511 6 0 0 0
gain_high_qam64_bw40_bo070_seed67 1 1048576 1048576 734003 308405 1065254 2808368 55413 355082 13640002 61705 0 0 55413 6 0 0 0
sat_mid_qam16_bw20_bo058_seed41 1 262144 524288 608174 308405 1060654 2678731 51959 381947 9166326 84757 0 0 51959 1 1 7 0
sat_mid_qam16_bw20_bo058_seed53 1 262144 524288 608174 308405 1061302 2395574 51759 354866 5213227 137802 0 0 51759 1 1 7 0
sat_mid_qam16_bw20_bo058_seed67 1 262144 524288 608174 308405 1061803 2922370 50506 372322 2525595 243686 0 0 50506 1 1 7 0
sat_mid_qam16_bw20_bo070_seed41 1 262144 524288 734003 308405 1065551 2506706 65530 379546 8894667 56181 0 0 65530 5 1 7 0
sat_mid_qam16_bw20_bo070_seed53 1 262144 524288 734003 308405 1066313 2258153 65399 352322 4077541 128909 0 0 65399 6 0 0 0
sat_mid_qam16_bw20_bo070_seed67 1 262144 524288 734003 308405 1066676 2727955 62554 370160 2435219 314507 0 0 62554 6 0 0 0
sat_mid_qam16_bw40_bo058_seed41 1 262144 1048576 608174 308405 1058729 2973937 44688 353073 16591713 31887 0 0 44688 1 1 7 0
sat_mid_qam16_bw40_bo058_seed53 1 262144 1048576 608174 308405 1058771 3129246 43963 350017 57109729 48557 0 0 43963 1 1 7 0
sat_mid_qam16_bw40_bo058_seed67 1 262144 1048576 608174 308405 1062023 2855234 51687 368573 5225966 132870 0 0 51687 1 1 7 0
sat_mid_qam16_bw40_bo070_seed41 1 262144 1048576 734003 308405 1062870 2799049 54400 351849 18964090 37912 0 0 54400 5 1 7 0
sat_mid_qam16_bw40_bo070_seed53 1 262144 1048576 734003 308405 1062817 2940982 53153 348344 105200450 106019 0 0 53153 5 1 7 0
sat_mid_qam16_bw40_bo070_seed67 1 262144 1048576 734003 308405 1067284 2690252 64487 366445 5144358 93568 0 0 64487 6 0 0 0
sat_mid_qam64_bw20_bo058_seed41 1 1048576 524288 608174 308405 1059589 2763873 48142 364587 5306988 192723 0 0 48142 1 1 7 0
sat_mid_qam64_bw20_bo058_seed53 1 1048576 524288 608174 308405 1058327 2602666 44018 352094 6264529 102600 0 0 44018 1 1 7 0
sat_mid_qam64_bw20_bo058_seed67 1 1048576 524288 608174 308405 1060361 2863198 49766 363769 10400767 35739 0 0 49766 1 1 7 0
sat_mid_qam64_bw20_bo070_seed41 1 1048576 524288 734003 308405 1064050 2583607 59336 361982 5751027 185496 0 0 59336 4 1 7 0
sat_mid_qam64_bw20_bo070_seed53 1 1048576 524288 734003 308405 1062135 2452919 53177 350726 5311980 108023 0 0 53177 5 1 7 0
sat_mid_qam64_bw20_bo070_seed67 1 1048576 524288 734003 308405 1064922 2707880 60906 361604 11723248 46527 0 0 60906 5 1 7 0
sat_mid_qam64_bw40_bo058_seed41 1 1048576 1048576 608174 308405 1061921 2495446 48517 350946 9102474 65849 0 0 48517 1 1 7 0
sat_mid_qam64_bw40_bo058_seed53 1 1048576 1048576 608174 308405 1060755 2858330 47229 355266 13505175 59979 0 0 47229 1 1 7 0
sat_mid_qam64_bw40_bo058_seed67 1 1048576 1048576 608174 308405 1061526 2943894 47682 356397 10529704 40962 0 0 47682 1 1 7 0
sat_mid_qam64_bw40_bo070_seed41 1 1048576 1048576 734003 308405 1066870 2390796 61051 349016 9754691 66673 0 0 61051 5 1 7 0
sat_mid_qam64_bw40_bo070_seed53 1 1048576 1048576 734003 308405 1065458 2667909 58628 353744 9639783 38472 0 0 58628 6 0 0 0
sat_mid_qam64_bw40_bo070_seed67 1 1048576 1048576 734003 308405 1066529 2764204 58648 354393 14003704 71751 0 0 58648 6 0 0 0
sat_early_qam16_bw20_bo058_seed41 1 262144 524288 608174 308405 1060928 2643663 52450 381745 9426823 78764 0 0 52450 1 1 7 0
sat_early_qam16_bw20_bo058_seed53 1 262144 524288 608174 308405 1061738 2381628 52617 354755 4595777 125356 0 0 52617 1 1 7 0
sat_early_qam16_bw20_bo058_seed67 1 262144 524288 608174 308405 1062180 2890930 51084 372254 2592540 295565 0 0 51084 1 1 7 0
sat_early_qam16_bw20_bo070_seed41 1 262144 524288 734003 308405 1066064 2481750 67448 379383 9640411 65228 0 0 67448 5 1 7 0
sat_early_qam16_bw20_bo070_seed53 1 262144 524288 734003 308405 1067079 2225859 67601 352297 4560551 139888 0 0 67601 6 0 0 0
sat_early_qam16_bw20_bo070_seed67 1 262144 524288 734003 308405 1067379 2685067 64388 369849 2501858 319294 0 0 64388 6 0 0 0
sat_early_qam16_bw40_bo058_seed41 1 262144 1048576 608174 308405 1058750 2957466 45036 352837 16241585 44784 0 0 45036 1 1 7 0
sat_early_qam16_bw40_bo058_seed53 1 262144 1048576 608174 308405 1059010 3099285 44305 349951 24171073 46229 0 0 44305 1 1 7 0
sat_early_qam16_bw40_bo058_seed67 1 262144 1048576 608174 308405 1062241 2837107 52338 368418 4656680 81824 0 0 52338 1 1 7 0
sat_early_qam16_bw40_bo070_seed41 1 262144 1048576 734003 308405 1063402 2769215 55395 351529 17899448 50678 0 0 55395 5 1 7 0
sat_early_qam16_bw40_bo070_seed53 1 262144 1048576 734003 308405 1063321 2888698 54059 348045 26064236 15807 0 0 54059 5 1 7 0
sat_early_qam16_bw40_bo070_seed67 1 262144 1048576 734003 308405 1067844 2655017 66285 366397 5203500 100408 0 0 66285 6 0 0 0
sat_early_qam64_bw20_bo058_seed41 1 1048576 524288 608174 308405 1059828 2728152 48546 363946 4344301 215621 0 0 48546 1 1 7 0
sat_early_qam64_bw20_bo058_seed53 1 1048576 524288 608174 308405 1058311 2568772 44651 352223 5675289 94665 0 0 44651 1 1 7 0
sat_early_qam64_bw20_bo058_seed67 1 1048576 524288 608174 308405 1060449 2850176 49970 363386 11884253 41127 0 0 49970 1 1 7 0
sat_early_qam64_bw20_bo070_seed41 1 1048576 524288 734003 308405 1064642 2548285 60596 361851 5457757 215744 0 0 60596 4 1 7 0
sat_early_qam64_bw20_bo070_seed53 1 1048576 524288 734003 308405 1062651 2426853 54433 350263 5072555 126251 0 0 54433 5 1 7 0
sat_early_qam64_bw20_bo070_seed67 1 1048576 524288 734003 308405 1065305 2673911 62576 361609 11137513 38235 0 0 62576 5 1 7 0
sat_early_qam64_bw40_bo058_seed41 1 1048576 1048576 608174 308405 1061975 2497912 49006 350784 12057324 74842 0 0 49006 1 1 7 0
sat_early_qam64_bw40_bo058_seed53 1 1048576 1048576 608174 308405 1060996 2845082 47905 355226 15148603 45537 0 0 47905 1 1 7 0
sat_early_qam64_bw40_bo058_seed67 1 1048576 1048576 608174 308405 1061643 2909053 47821 356214 14202684 62629 0 0 47821 1 1 7 0
sat_early_qam64_bw40_bo070_seed41 1 1048576 1048576 734003 308405 1067384 2381438 62743 348494 8617177 70681 0 0 62743 5 1 7 0
sat_early_qam64_bw40_bo070_seed53 1 1048576 1048576 734003 308405 1065848 2641865 59954 353527 10636047 66316 0 0 59954 6 0 0 0
sat_early_qam64_bw40_bo070_seed67 1 1048576 1048576 734003 308405 1066923 2722152 59686 354528 13605874 81290 0 0 59686 6 0 0 0
memory_short_qam16_bw20_bo058_seed41 1 262144 524288 608174 308405 1059612 2719177 46120 382272 10137765 48268 0 0 46120 1 1 7 0
memory_short_qam16_bw20_bo058_seed53 1 262144 524288 608174 308405 1060508 2422473 46180 355355 4799026 132105 0 0 46180 1 1 7 0
memory_short_qam16_bw20_bo058_seed67 1 262144 524288 608174 308405 1060681 2970420 44624 372886 2666290 257462 0 0 44624 1 1 7 0
memory_short_qam16_bw20_bo070_seed41 1 262144 524288 734003 308405 1064266 2570879 58931 380369 9643666 65505 0 0 58931 5 1 7 0
memory_short_qam16_bw20_bo070_seed53 1 262144 524288 734003 308405 1065018 2312418 58602 352904 4226578 115273 0 0 58602 6 0 0 0
memory_short_qam16_bw20_bo070_seed67 1 262144 524288 734003 308405 1065350 2794335 55986 370641 2710746 314160 0 0 55986 6 0 0 0
memory_short_qam16_bw40_bo058_seed41 1 262144 1048576 608174 308405 1058043 3002567 39599 353116 22641219 24667 0 0 39599 1 1 7 0
memory_short_qam16_bw40_bo058_seed53 1 262144 1048576 608174 308405 1058197 3171213 38822 349858 32971684 61205 0 0 38822 1 1 7 0
memory_short_qam16_bw40_bo058_seed67 1 262144 1048576 608174 308405 1060822 2896178 45668 368820 4956335 122766 0 0 45668 1 1 7 0
memory_short_qam16_bw40_bo070_seed41 1 262144 1048576 734003 308405 1061639 2857237 48233 351654 13645423 30634 0 0 48233 5 1 7 0
memory_short_qam16_bw40_bo070_seed53 1 262144 1048576 734003 308405 1061748 3002909 47279 348757 14271358 65604 0 0 47279 5 1 7 0
memory_short_qam16_bw40_bo070_seed67 1 262144 1048576 734003 308405 1065412 2760926 57436 367343 4737462 143495 0 0 57436 6 0 0 0
memory_short_qam64_bw20_bo058_seed41 1 1048576 524288 608174 308405 1058733 2801844 42502 364601 5125215 219525 0 0 42502 1 1 7 0
memory_short_qam64_bw20_bo058_seed53 1 1048576 524288 608174 308405 1057304 2629512 39020 352883 6347145 110236 0 0 39020 1 1 7 0
memory_short_qam64_bw20_bo058_seed67 1 1048576 524288 608174 308405 1059335 2899954 43892 364368 10871568 53875 0 0 43892 1 1 7 0
memory_short_qam64_bw20_bo070_seed41 1 1048576 524288 734003 308405 1062896 2653496 52420 362795 4731490 229292 0 0 52420 4 1 7 0
memory_short_qam64_bw20_bo070_seed53 1 1048576 524288 734003 308405 1060965 2504440 47376 351301 5760141 120519 0 0 47376 5 1 7 0
memory_short_qam64_bw20_bo070_seed67 1 1048576 524288 734003 308405 1063400 2778822 54292 362490 10154878 40474 0 0 54292 5 1 7 0
memory_short_qam64_bw40_bo058_seed41 1 1048576 1048576 608174 308405 1060823 2539153 43352 351286 11231986 99942 0 0 43352 1 1 7 0
memory_short_qam64_bw40_bo058_seed53 1 1048576 1048576 608174 308405 1059718 2933139 42056 355414 13954519 83448 0 0 42056 1 1 7 0
memory_short_qam64_bw40_bo058_seed67 1 1048576 1048576 608174 308405 1060533 2970446 42133 356622 10927640 52053 0 0 42133 1 1 7 0
memory_short_qam64_bw40_bo070_seed41 1 1048576 1048576 734003 308405 1065472 2439760 54503 349365 8586343 72187 0 0 54503 5 1 7 0
memory_short_qam64_bw40_bo070_seed53 1 1048576 1048576 734003 308405 1064037 2756171 52337 354048 13581900 89947 0 0 52337 6 0 0 0
memory_short_qam64_bw40_bo070_seed67 1 1048576 1048576 734003 308405 1064922 2817044 52412 355045 12196870 49704 0 0 52412 6 0 0 0
noise_mid_qam16_bw20_bo058_seed41 1 262144 524288 608174 308405 1060231 2666083 53176 382184 8926805 64488 0 0 53176 1 1 7 0
noise_mid_qam16_bw20_bo058_seed53 1 262144 524288 608174 308405 1061509 2390598 53760 355426 4481251 161911 0 0 53760 1 1 7 0
noise_mid_qam16_bw20_bo058_seed67 1 262144 524288 608174 308405 1061583 2935636 51857 373019 2722388 292304 0 0 51857 1 1 7 0
noise_mid_qam16_bw20_bo070_seed41 1 262144 524288 734003 308405 1065043 2549925 66594 380052 9239289 91201 0 0 66594 5 1 7 0
noise_mid_qam16_bw20_bo070_seed53 1 262144 524288 734003 308405 1066114 2278550 66337 352770 3678080 83963 0 0 66337 6 0 0 0
noise_mid_qam16_bw20_bo070_seed67 1 262144 524288 734003 308405 1066232 2747381 63896 370775 2252380 289736 0 0 63896 6 0 0 0
noise_mid_qam16_bw40_bo058_seed41 1 262144 1048576 608174 308405 1058356 2989279 47114 354007 19347784 69359 0 0 47114 1 1 7 0
noise_mid_qam16_bw40_bo058_seed53 1 262144 1048576 608174 308405 1058495 3139733 45880 350617 24013457 74282 0 0 45880 1 1 7 0
noise_mid_qam16_bw40_bo058_seed67 1 262144 1048576 608174 308405 1061762 2874930 53224 369104 6323316 76717 0 0 53224 1 1 7 0
noise_mid_qam16_bw40_bo070_seed41 1 262144 1048576 734003 308405 1062535 2824222 56161 352006 31075032 65608 0 0 56161 5 1 7 0
noise_mid_qam16_bw40_bo070_seed53 1 262144 1048576 734003 308405 1062643 2961069 55057 348773 6824197 33914 0 0 55057 5 1 7 0
noise_mid_qam16_bw40_bo070_seed67 1 262144 1048576 734003 308405 1066931 2716034 65739 367269 4667291 56635 0 0 65739 6 0 0 0
noise_mid_qam64_bw20_bo058_seed41 1 1048576 524288 608174 308405 1059320 2772906 50758 365133 4964244 192069 0 0 50758 1 1 7 0
noise_mid_qam64_bw20_bo058_seed53 1 1048576 524288 608174 308405 1057722 2604105 46407 353149 5451136 96581 0 0 46407 1 1 7 0
noise_mid_qam64_bw20_bo058_seed67 1 1048576 524288 608174 308405 1059704 2873272 51465 364203 11192841 43450 0 0 51465 1 1 7 0
noise_mid_qam64_bw20_bo070_seed41 1 1048576 524288 734003 308405 1063716 2608889 60642 363132 4582160 216311 0 0 60642 4 1 7 0
noise_mid_qam64_bw20_bo070_seed53 1 1048576 524288 734003 308405 1062095 2451150 54644 351290 5242786 121172 0 0 54644 5 1 7 0
noise_mid_qam64_bw20_bo070_seed67 1 1048576 524288 734003 308405 1064295 2710785 61642 362460 15322497 47544 0 0 61642 5 1 7 0
noise_mid_qam64_bw40_bo058_seed41 1 1048576 1048576 608174 308405 1061725 2501878 50445 351271 14059218 92530 0 0 50445 1 1 7 0
noise_mid_qam64_bw40_bo058_seed53 1 1048576 1048576 608174 308405 1060533 2862787 49277 355628 11694550 78894 0 0 49277 1 1 7 0
noise_mid_qam64_bw40_bo058_seed67 1 1048576 1048576 608174 308405 1061083 2955620 49413 356725 10343445 67172 0 0 49413 1 1 7 0
noise_mid_qam64_bw40_bo070_seed41 1 1048576 1048576 734003 308405 1066332 2431045 61756 349477 20139223 120491 0 0 61756 5 1 7 0
noise_mid_qam64_bw40_bo070_seed53 1 1048576 1048576 734003 308405 1064887 2717629 60006 354370 8181080 46335 0 0 60006 6 0 0 0
noise_mid_qam64_bw40_bo070_seed67 1 1048576 1048576 734003 308405 1065955 2777700 60006 355272 13115091 32344 0 0 60006 6 0 0 0
noise_high_qam16_bw20_bo058_seed41 1 262144 524288 608174 308405 1058897 2642804 66891 386375 6232922 45729 0 0 66891 1 1 7 0
noise_high_qam16_bw20_bo058_seed53 1 262144 524288 608174 308405 1061369 2405515 65638 359266 9619599 202834 0 0 65638 1 1 7 0
noise_high_qam16_bw20_bo058_seed67 1 262144 524288 608174 308405 1060695 2935208 64573 377090 3357047 278960 0 0 64573 1 1 7 0
noise_high_qam16_bw20_bo070_seed41 1 262144 524288 734003 308405 1063867 2521584 75817 384314 30671915 63555 0 0 75817 5 1 7 0
noise_high_qam16_bw20_bo070_seed53 1 262144 524288 734003 308405 1065735 2330122 75838 357030 9728789 190539 0 0 75838 6 0 0 0
noise_high_qam16_bw20_bo070_seed67 1 262144 524288 734003 308405 1065972 2723415 73893 374211 1925070 436535 0 0 73893 6 0 0 0
noise_high_qam16_bw40_bo058_seed41 1 262144 1048576 608174 308405 1058702 2966450 61980 357034 7863795 80712 0 0 61980 1 1 7 0
noise_high_qam16_bw40_bo058_seed53 1 262144 1048576 608174 308405 1058036 3124462 61296 354415 9505904 77324 0 0 61296 1 1 7 0
noise_high_qam16_bw40_bo058_seed67 1 262144 1048576 608174 308405 1060589 2842536 65504 372663 4941770 389807 0 0 65504 1 1 7 0
noise_high_qam16_bw40_bo070_seed41 1 262144 1048576 734003 308405 1060840 2858709 68486 356629 29506734 64301 0 0 68486 5 1 7 0
noise_high_qam16_bw40_bo070_seed53 1 262144 1048576 734003 308405 1061487 2941619 67616 352578 12416804 390496 0 0 67616 6 0 0 0
noise_high_qam16_bw40_bo070_seed67 1 262144 1048576 734003 308405 1065841 2699262 76958 370108 7994834 127804 0 0 76958 6 0 0 0
noise_high_qam64_bw20_bo058_seed41 1 1048576 524288 608174 308405 1058456 2766854 62706 369229 4686128 180944 0 0 62706 1 1 7 0
noise_high_qam64_bw20_bo058_seed53 1 1048576 524288 608174 308405 1056710 2625037 59849 356258 6054687 180835 0 0 59849 1 1 7 0
noise_high_qam64_bw20_bo058_seed67 1 1048576 524288 608174 308405 1059576 2898221 65032 367768 11583720 29000 0 0 65032 1 1 7 0
noise_high_qam64_bw20_bo070_seed41 1 1048576 524288 734003 308405 1062992 2646074 71299 367264 3728765 353921 0 0 71299 4 1 7 0
noise_high_qam64_bw20_bo070_seed53 1 1048576 524288 734003 308405 1060849 2511354 66842 354939 3989490 85720 0 0 66842 5 1 7 0
noise_high_qam64_bw20_bo070_seed67 1 1048576 524288 734003 308405 1063059 2748769 74192 366779 7994657 69996 0 0 74192 5 1 7 0
noise_high_qam64_bw40_bo058_seed41 1 1048576 1048576 608174 308405 1060506 2545483 63568 356223 7084549 67178 0 0 63568 1 1 7 0
noise_high_qam64_bw40_bo058_seed53 1 1048576 1048576 608174 308405 1059750 2855327 63140 359685 24370682 102636 0 0 63140 1 1 7 0
noise_high_qam64_bw40_bo058_seed67 1 1048576 1048576 608174 308405 1060622 2935027 62921 360044 17151401 119433 0 0 62921 1 1 7 0
noise_high_qam64_bw40_bo070_seed41 1 1048576 1048576 734003 308405 1065475 2425505 72228 354066 14078510 214515 0 0 72228 6 0 0 0
noise_high_qam64_bw40_bo070_seed53 1 1048576 1048576 734003 308405 1063960 2666529 70116 358620 39841312 62092 0 0 70116 6 0 0 0
noise_high_qam64_bw40_bo070_seed67 1 1048576 1048576 734003 308405 1065835 2754451 71557 359229 15620684 133519 0 0 71557 6 0 0 0
thermal_mild_qam16_bw20_bo058_seed41 1 262144 524288 608174 678490 1059526 2676201 59379 382342 9030715 72402 0 0 59379 1 1 7 0
thermal_mild_qam16_bw20_bo058_seed53 1 262144 524288 608174 678490 1060968 2404200 60863 355107 4811905 156424 0 0 60863 1 1 7 0
thermal_mild_qam16_bw20_bo058_seed67 1 262144 524288 608174 678490 1061282 2939230 58616 372537 2732182 251801 0 0 58616 1 1 7 0
thermal_mild_qam16_bw20_bo070_seed41 1 262144 524288 734003 678490 1064571 2529591 71906 379670 10190460 71439 0 0 71906 5 1 7 0
thermal_mild_qam16_bw20_bo070_seed53 1 262144 524288 734003 678490 1065550 2276876 72747 352839 4082117 126888 0 0 72747 6 0 0 0
thermal_mild_qam16_bw20_bo070_seed67 1 262144 524288 734003 678490 1066185 2755220 69840 370656 2373968 290082 0 0 69840 6 0 0 0
thermal_mild_qam16_bw40_bo058_seed41 1 262144 1048576 608174 678490 1058199 2975755 53055 352718 18193966 28595 0 0 53055 1 1 7 0
thermal_mild_qam16_bw40_bo058_seed53 1 262144 1048576 608174 678490 1058491 3156492 53365 349882 17733469 50692 0 0 53365 1 1 7 0
thermal_mild_qam16_bw40_bo058_seed67 1 262144 1048576 608174 678490 1061154 2887300 59874 368723 4875373 96000 0 0 59874 1 1 7 0
thermal_mild_qam16_bw40_bo070_seed41 1 262144 1048576 734003 678490 1062011 2817528 61512 351785 13165655 50624 0 0 61512 5 1 7 0
thermal_mild_qam16_bw40_bo070_seed53 1 262144 1048576 734003 678490 1062364 2955967 61446 348289 56502224 57783 0 0 61446 5 1 7 0
thermal_mild_qam16_bw40_bo070_seed67 1 262144 1048576 734003 678490 1066051 2720361 71240 366741 5116929 92418 0 0 71240 6 0 0 0
thermal_mild_qam64_bw20_bo058_seed41 1 1048576 524288 608174 678490 1058602 2770892 56454 364576 4320511 226452 0 0 56454 1 1 7 0
thermal_mild_qam64_bw20_bo058_seed53 1 1048576 524288 608174 678490 1056659 2594623 52972 352438 5118630 111243 0 0 52972 1 1 7 0
thermal_mild_qam64_bw20_bo058_seed67 1 1048576 524288 608174 678490 1059239 2881245 58009 363515 11289473 40918 0 0 58009 1 1 7 0
thermal_mild_qam64_bw20_bo070_seed41 1 1048576 524288 734003 678490 1062973 2597776 66124 362313 4406775 235352 0 0 66124 4 1 7 0
thermal_mild_qam64_bw20_bo070_seed53 1 1048576 524288 734003 678490 1060660 2456643 61378 351216 5458827 146904 0 0 61378 5 1 7 0
thermal_mild_qam64_bw20_bo070_seed67 1 1048576 524288 734003 678490 1063489 2724711 68312 361555 10631040 33897 0 0 68312 5 1 7 0
thermal_mild_qam64_bw40_bo058_seed41 1 1048576 1048576 608174 678490 1061883 2503477 56825 350896 11723979 77627 0 0 56825 1 1 7 0
thermal_mild_qam64_bw40_bo058_seed53 1 1048576 1048576 608174 678490 1060216 2880964 56185 355398 19306025 75647 0 0 56185 2 1 7 0
thermal_mild_qam64_bw40_bo058_seed67 1 1048576 1048576 608174 678490 1060712 2956717 56386 356502 14027083 50803 0 0 56386 2 1 7 0
thermal_mild_qam64_bw40_bo070_seed41 1 1048576 1048576 734003 678490 1066582 2403927 67489 349003 12804392 98930 0 0 67489 5 1 7 0
thermal_mild_qam64_bw40_bo070_seed53 1 1048576 1048576 734003 678490 1064565 2694752 65876 353854 13180411 61083 0 0 65876 6 0 0 0
thermal_mild_qam64_bw40_bo070_seed67 1 1048576 1048576 734003 678490 1065674 2794277 66155 354846 14373405 52019 0 0 66155 6 0 0 0
thermal_drift_qam16_bw20_bo058_seed41 1 262144 524288 608174 1048576 1058210 2680722 76111 382067 10503805 91547 0 0 76111 1 1 7 0
thermal_drift_qam16_bw20_bo058_seed53 1 262144 524288 608174 1048576 1059297 2399752 77141 355335 4781796 123436 0 0 77141 1 1 7 0
thermal_drift_qam16_bw20_bo058_seed67 1 262144 524288 608174 1048576 1060009 2934956 74809 372902 2643437 279613 0 0 74809 1 1 7 0
thermal_drift_qam16_bw20_bo070_seed41 1 262144 524288 734003 1048576 1062763 2525573 86126 379623 9893039 59070 0 0 86126 6 0 0 0
thermal_drift_qam16_bw20_bo070_seed53 1 262144 524288 734003 1048576 1064071 2290335 88287 352882 4594376 107113 0 0 88287 6 0 0 0
thermal_drift_qam16_bw20_bo070_seed67 1 262144 524288 734003 1048576 1064611 2756301 84791 370589 2403651 295817 0 0 84791 6 0 0 0
thermal_drift_qam16_bw40_bo058_seed41 1 262144 1048576 608174 1048576 1056543 2967851 69573 353238 17339567 35605 0 0 69573 1 1 7 0
thermal_drift_qam16_bw40_bo058_seed53 1 262144 1048576 608174 1048576 1057504 3150910 71520 349811 59310860 22610 0 0 71520 1 1 7 0
thermal_drift_qam16_bw40_bo058_seed67 1 262144 1048576 608174 1048576 1059707 2904402 76560 368778 5548210 130655 0 0 76560 1 1 7 0
thermal_drift_qam16_bw40_bo070_seed41 1 262144 1048576 734003 1048576 1060712 2799805 76780 352094 15006826 49285 0 0 76780 5 1 7 0
thermal_drift_qam16_bw40_bo070_seed53 1 262144 1048576 734003 1048576 1061405 2968301 78083 348386 40995828 30208 0 0 78083 6 0 0 0
thermal_drift_qam16_bw40_bo070_seed67 1 262144 1048576 734003 1048576 1064956 2735323 86757 367009 5150757 85499 0 0 86757 6 0 0 0
thermal_drift_qam64_bw20_bo058_seed41 1 1048576 524288 608174 1048576 1056967 2754337 74076 364605 4294068 266880 0 0 74076 1 1 7 0
thermal_drift_qam64_bw20_bo058_seed53 1 1048576 524288 608174 1048576 1054364 2577744 71128 353256 5680695 132012 0 0 71128 1 1 7 0
thermal_drift_qam64_bw20_bo058_seed67 1 1048576 524288 608174 1048576 1057224 2884451 74512 363050 11658229 38690 0 0 74512 1 1 7 0
thermal_drift_qam64_bw20_bo070_seed41 1 1048576 524288 734003 1048576 1061107 2600115 82021 362616 3919286 305549 0 0 82021 6 0 0 0
thermal_drift_qam64_bw20_bo070_seed53 1 1048576 524288 734003 1048576 1058487 2442641 77677 351351 4948674 122682 0 0 77677 6 0 0 0
thermal_drift_qam64_bw20_bo070_seed67 1 1048576 524288 734003 1048576 1061431 2717333 83708 361150 12668527 44344 0 0 83708 6 0 0 0
thermal_drift_qam64_bw40_bo058_seed41 1 1048576 1048576 608174 1048576 1061404 2511295 73162 350801 11443196 79035 0 0 73162 1 1 7 0
thermal_drift_qam64_bw40_bo058_seed53 1 1048576 1048576 608174 1048576 1058729 2873184 72920 355638 12068559 40348 0 0 72920 1 1 7 0
thermal_drift_qam64_bw40_bo058_seed67 1 1048576 1048576 608174 1048576 1059769 2967330 73054 356662 12648215 50932 0 0 73054 1 1 7 0
thermal_drift_qam64_bw40_bo070_seed41 1 1048576 1048576 734003 1048576 1066077 2400608 82493 348982 11624270 82259 0 0 82493 5 1 7 0
thermal_drift_qam64_bw40_bo070_seed53 1 1048576 1048576 734003 1048576 1063294 2691741 81615 354004 12776424 83752 0 0 81615 6 0 0 0
thermal_drift_qam64_bw40_bo070_seed67 1 1048576 1048576 734003 1048576 1064637 2806341 81482 355028 12740990 51667 0 0 81482 6 0 0 0
combined_stress_qam16_bw20_bo058_seed41 1 262144 524288 608174 1048576 1060755 2605290 91603 385298 9309134 203232 0 0 91603 1 1 7 0
combined_stress_qam16_bw20_bo058_seed53 1 262144 524288 608174 1048576 1062398 2320750 91675 358290 3641918 342765 0 0 91675 1 1 7 0
combined_stress_qam16_bw20_bo058_seed67 1 262144 524288 608174 1048576 1061577 2866778 91606 376173 2064775 258089 0 0 91606 1 1 7 0
combined_stress_qam16_bw20_bo070_seed41 1 262144 524288 734003 1048576 1065579 2405524 103305 382741 7743801 146422 0 0 103305 6 0 0 0
combined_stress_qam16_bw20_bo070_seed53 1 262144 524288 734003 1048576 1066301 2188513 105054 356096 2340095 109971 0 0 105054 6 0 0 0
combined_stress_qam16_bw20_bo070_seed67 1 262144 524288 734003 1048576 1067395 2628326 101935 373701 1568684 278751 0 0 101935 6 0 0 0
combined_stress_qam16_bw40_bo058_seed41 1 262144 1048576 608174 1048576 1058029 2805465 84380 357273 9728855 41539 0 0 84380 1 1 7 0
combined_stress_qam16_bw40_bo058_seed53 1 262144 1048576 608174 1048576 1059044 3040734 88106 353768 13007718 84262 0 0 88106 1 1 7 0
combined_stress_qam16_bw40_bo058_seed67 1 262144 1048576 608174 1048576 1061420 2855187 92686 372811 3890026 185164 0 0 92686 1 1 7 0
combined_stress_qam16_bw40_bo070_seed41 1 262144 1048576 734003 1048576 1061590 2688256 92807 355473 40057809 93572 0 0 92807 6 0 0 0
combined_stress_qam16_bw40_bo070_seed53 1 262144 1048576 734003 1048576 1063591 2802831 93862 352299 7503809 91710 0 0 93862 6 0 0 0
combined_stress_qam16_bw40_bo070_seed67 1 262144 1048576 734003 1048576 1066795 2637131 103095 369876 11432989 203664 0 0 103095 6 0 0 0
combined_stress_qam64_bw20_bo058_seed41 1 1048576 524288 608174 1048576 1058415 2667403 89503 369140 3205417 295468 0 0 89503 1 1 7 0
combined_stress_qam64_bw20_bo058_seed53 1 1048576 524288 608174 1048576 1055181 2573605 86559 356344 6091067 100447 0 0 86559 1 1 7 0
combined_stress_qam64_bw20_bo058_seed67 1 1048576 524288 608174 1048576 1058562 2851686 89282 366556 13553811 62669 0 0 89282 1 1 7 0
combined_stress_qam64_bw20_bo070_seed41 1 1048576 524288 734003 1048576 1062597 2517533 97863 366683 4323067 151299 0 0 97863 6 0 0 0
combined_stress_qam64_bw20_bo070_seed53 1 1048576 524288 734003 1048576 1060114 2376675 92682 355196 5559580 40819 0 0 92682 6 0 0 0
combined_stress_qam64_bw20_bo070_seed67 1 1048576 524288 734003 1048576 1064185 2616896 99283 364670 15537766 64653 0 0 99283 6 0 0 0
combined_stress_qam64_bw40_bo058_seed41 1 1048576 1048576 608174 1048576 1063131 2465796 88443 355126 11921279 79620 0 0 88443 1 1 7 0
combined_stress_qam64_bw40_bo058_seed53 1 1048576 1048576 608174 1048576 1060452 2793140 88904 359863 5976280 71687 0 0 88904 1 1 7 0
combined_stress_qam64_bw40_bo058_seed67 1 1048576 1048576 608174 1048576 1061066 2900507 88041 361102 14586656 96562 0 0 88041 1 1 7 0
combined_stress_qam64_bw40_bo070_seed41 1 1048576 1048576 734003 1048576 1068203 2308105 99279 351800 14881218 96328 0 0 99279 6 0 0 0
combined_stress_qam64_bw40_bo070_seed53 1 1048576 1048576 734003 1048576 1065775 2523729 97617 356568 6625204 59720 0 0 97617 6 0 0 0
combined_stress_qam64_bw40_bo070_seed67 1 1048576 1048576 734003 1048576 1066274 2742742 98580 357984 5898833 84164 0 0 98580 6 0 0 0
dev_gain_comp_memory_qam16_bw20_bo058_seed41 1 262144 524288 608174 407094 1059442 2673384 58730 382570 12212323 55274 0 0 58730 1 1 7 0
dev_gain_comp_memory_qam16_bw20_bo058_seed53 1 262144 524288 608174 407094 1061248 2398985 59742 354566 4191865 140543 0 0 59742 1 1 7 0
dev_gain_comp_memory_qam16_bw20_bo058_seed67 1 262144 524288 608174 407094 1061113 2934404 58924 372327 2804115 320620 0 0 58924 1 1 7 0
dev_gain_comp_memory_qam16_bw20_bo070_seed41 1 262144 524288 734003 407094 1064525 2529312 70748 380143 12027232 95977 0 0 70748 5 1 7 0
dev_gain_comp_memory_qam16_bw20_bo070_seed53 1 262144 524288 734003 407094 1065838 2264826 70909 352297 4374064 122644 0 0 70909 6 0 0 0
dev_gain_comp_memory_qam16_bw20_bo070_seed67 1 262144 524288 734003 407094 1066026 2741496 68938 371135 2563541 332104 0 0 68938 6 0 0 0
dev_gain_comp_memory_qam16_bw40_bo058_seed41 1 262144 1048576 608174 407094 1057507 2991999 52958 352963 24531936 39452 0 0 52958 1 1 7 0
dev_gain_comp_memory_qam16_bw40_bo058_seed53 1 262144 1048576 608174 407094 1058385 3142049 52563 349925 41412695 121109 0 0 52563 1 1 7 0
dev_gain_comp_memory_qam16_bw40_bo058_seed67 1 262144 1048576 608174 407094 1060822 2871113 59702 368710 5081865 110054 0 0 59702 1 1 7 0
dev_gain_comp_memory_qam16_bw40_bo070_seed41 1 262144 1048576 734003 407094 1062109 2798001 60786 351557 17335422 35315 0 0 60786 5 1 7 0
dev_gain_comp_memory_qam16_bw40_bo070_seed53 1 262144 1048576 734003 407094 1062336 2952143 60121 348105 38689236 29176 0 0 60121 5 1 7 0
dev_gain_comp_memory_qam16_bw40_bo070_seed67 1 262144 1048576 734003 407094 1065924 2720786 70212 366825 5718268 169617 0 0 70212 6 0 0 0
dev_gain_comp_memory_qam64_bw20_bo058_seed41 1 1048576 524288 608174 407094 1058880 2788643 55664 364465 4758675 187786 0 0 55664 1 1 7 0
dev_gain_comp_memory_qam64_bw20_bo058_seed53 1 1048576 524288 608174 407094 1057342 2611224 52607 352238 6079438 112111 0 0 52607 1 1 7 0
dev_gain_comp_memory_qam64_bw20_bo058_seed67 1 1048576 524288 608174 407094 1059525 2881182 57862 363835 11204656 49756 0 0 57862 1 1 7 0
dev_gain_comp_memory_qam64_bw20_bo070_seed41 1 1048576 524288 734003 407094 1063112 2599960 65661 362584 5061119 254504 0 0 65661 4 1 7 0
dev_gain_comp_memory_qam64_bw20_bo070_seed53 1 1048576 524288 734003 407094 1061229 2451223 61499 351184 5767977 147606 0 0 61499 5 1 7 0
dev_gain_comp_memory_qam64_bw20_bo070_seed67 1 1048576 524288 734003 407094 1064427 2729425 67332 361300 11919184 40974 0 0 67332 5 1 7 0
dev_gain_comp_memory_qam64_bw40_bo058_seed41 1 1048576 1048576 608174 407094 1061449 2540853 56390 350988 8130003 51388 0 0 56390 1 1 7 0
dev_gain_comp_memory_qam64_bw40_bo058_seed53 1 1048576 1048576 608174 407094 1059876 2871286 55872 355450 8913283 62249 0 0 55872 1 1 7 0
dev_gain_comp_memory_qam64_bw40_bo058_seed67 1 1048576 1048576 608174 407094 1060881 2951293 56345 356401 13135446 59520 0 0 56345 1 1 7 0
dev_gain_comp_memory_qam64_bw40_bo070_seed41 1 1048576 1048576 734003 407094 1066493 2415096 66492 348775 11884182 96057 0 0 66492 5 1 7 0
dev_gain_comp_memory_qam64_bw40_bo070_seed53 1 1048576 1048576 734003 407094 1064578 2684179 64829 354005 11531190 40359 0 0 64829 6 0 0 0
dev_gain_comp_memory_qam64_bw40_bo070_seed67 1 1048576 1048576 734003 407094 1065973 2764651 65067 354937 13032080 53371 0 0 65067 6 0 0 0
dev_low_gain_noisy_qam16_bw20_bo058_seed41 1 262144 524288 608174 592137 1058814 2657858 73326 385370 9602242 13388 0 0 73326 1 1 7 0
dev_low_gain_noisy_qam16_bw20_bo058_seed53 1 262144 524288 608174 592137 1060513 2361860 74440 357134 5067456 181508 0 0 74440 1 1 7 0
dev_low_gain_noisy_qam16_bw20_bo058_seed67 1 262144 524288 608174 592137 1060987 2943179 72444 373951 1903866 238029 0 0 72444 1 1 7 0
dev_low_gain_noisy_qam16_bw20_bo070_seed41 1 262144 524288 734003 592137 1064533 2522994 85023 381685 8696564 152064 0 0 85023 6 0 0 0
dev_low_gain_noisy_qam16_bw20_bo070_seed53 1 262144 524288 734003 592137 1066117 2244063 85491 354339 3688161 289203 0 0 85491 6 0 0 0
dev_low_gain_noisy_qam16_bw20_bo070_seed67 1 262144 524288 734003 592137 1065615 2756272 83869 372482 2016397 314124 0 0 83869 6 0 0 0
dev_low_gain_noisy_qam16_bw40_bo058_seed41 1 262144 1048576 608174 592137 1057093 2972442 67030 355684 12325201 74713 0 0 67030 1 1 7 0
dev_low_gain_noisy_qam16_bw40_bo058_seed53 1 262144 1048576 608174 592137 1058272 3113020 68136 351766 23132502 70923 0 0 68136 1 1 7 0
dev_low_gain_noisy_qam16_bw40_bo058_seed67 1 262144 1048576 608174 592137 1060543 2915046 73005 370483 3114553 67207 0 0 73005 1 1 7 0
dev_low_gain_noisy_qam16_bw40_bo070_seed41 1 262144 1048576 734003 592137 1061589 2739211 75056 354004 10674497 45375 0 0 75056 5 1 7 0
dev_low_gain_noisy_qam16_bw40_bo070_seed53 1 262144 1048576 734003 592137 1062482 2939679 77038 350435 18134302 80891 0 0 77038 5 1 7 0
dev_low_gain_noisy_qam16_bw40_bo070_seed67 1 262144 1048576 734003 592137 1065539 2740933 84803 368986 4150265 164512 0 0 84803 6 0 0 0
dev_low_gain_noisy_qam64_bw20_bo058_seed41 1 1048576 524288 608174 592137 1057696 2776833 70149 366938 6403041 325216 0 0 70149 1 1 7 0
dev_low_gain_noisy_qam64_bw20_bo058_seed53 1 1048576 524288 608174 592137 1055949 2558359 67925 354507 5135777 179589 0 0 67925 1 1 7 0
dev_low_gain_noisy_qam64_bw20_bo058_seed67 1 1048576 524288 608174 592137 1058559 2819755 71956 364064 13594011 30201 0 0 71956 1 1 7 0
dev_low_gain_noisy_qam64_bw20_bo070_seed41 1 1048576 524288 734003 592137 1062311 2581215 80671 365244 3298628 301887 0 0 80671 4 1 7 0
dev_low_gain_noisy_qam64_bw20_bo070_seed53 1 1048576 524288 734003 592137 1059335 2481998 75920 352929 5606856 116286 0 0 75920 5 1 7 0
dev_low_gain_noisy_qam64_bw20_bo070_seed67 1 1048576 524288 734003 592137 1062831 2747208 81404 363104 12309769 59849 0 0 81404 5 1 7 0
dev_low_gain_noisy_qam64_bw40_bo058_seed41 1 1048576 1048576 608174 592137 1061615 2507561 70637 352614 9824113 57317 0 0 70637 1 1 7 0
dev_low_gain_noisy_qam64_bw40_bo058_seed53 1 1048576 1048576 608174 592137 1060331 2841495 70448 357119 8232303 155968 0 0 70448 1 1 7 0
dev_low_gain_noisy_qam64_bw40_bo058_seed67 1 1048576 1048576 608174 592137 1060415 2950312 70218 358657 7097555 99519 0 0 70218 1 1 7 0
dev_low_gain_noisy_qam64_bw40_bo070_seed41 1 1048576 1048576 734003 592137 1066942 2408975 80946 351185 10435097 87928 0 0 80946 5 1 7 0
dev_low_gain_noisy_qam64_bw40_bo070_seed53 1 1048576 1048576 734003 592137 1064432 2693317 80189 356170 7024990 47015 0 0 80189 6 0 0 0
dev_low_gain_noisy_qam64_bw40_bo070_seed67 1 1048576 1048576 734003 592137 1065274 2795418 79093 357416 17093160 78824 0 0 79093 6 0 0 0
dev_deep_memory_cool_qam16_bw20_bo058_seed41 1 262144 524288 608174 185043 1058960 2681360 70112 381619 8888328 67754 0 0 70112 1 1 7 0
dev_deep_memory_cool_qam16_bw20_bo058_seed53 1 262144 524288 608174 185043 1060152 2406595 71392 355329 4569064 104668 0 0 71392 1 1 7 0
dev_deep_memory_cool_qam16_bw20_bo058_seed67 1 262144 524288 608174 185043 1060885 2921428 69269 372319 2496397 308782 0 0 69269 1 1 7 0
dev_deep_memory_cool_qam16_bw20_bo070_seed41 1 262144 524288 734003 185043 1063728 2514592 81276 379563 9321016 80264 0 0 81276 5 1 7 0
dev_deep_memory_cool_qam16_bw20_bo070_seed53 1 262144 524288 734003 185043 1064936 2266823 82564 352939 4226980 123632 0 0 82564 6 0 0 0
dev_deep_memory_cool_qam16_bw20_bo070_seed67 1 262144 524288 734003 185043 1065839 2737372 79553 370196 2355022 288187 0 0 79553 6 0 0 0
dev_deep_memory_cool_qam16_bw40_bo058_seed41 1 262144 1048576 608174 185043 1057377 2969080 63456 353054 16771899 46509 0 0 63456 1 1 7 0
dev_deep_memory_cool_qam16_bw40_bo058_seed53 1 262144 1048576 608174 185043 1058008 3141366 64647 349818 89359345 36309 0 0 64647 1 1 7 0
dev_deep_memory_cool_qam16_bw40_bo058_seed67 1 262144 1048576 608174 185043 1060656 2881280 70561 368576 5734699 107685 0 0 70561 1 1 7 0
dev_deep_memory_cool_qam16_bw40_bo070_seed41 1 262144 1048576 734003 185043 1061449 2808577 71487 351836 16100964 50514 0 0 71487 5 1 7 0
dev_deep_memory_cool_qam16_bw40_bo070_seed53 1 262144 1048576 734003 185043 1062106 2952551 72221 348207 150896522 60310 0 0 72221 5 1 7 0
dev_deep_memory_cool_qam16_bw40_bo070_seed67 1 262144 1048576 734003 185043 1065754 2717603 81321 366735 5294095 107347 0 0 81321 6 0 0 0
dev_deep_memory_cool_qam64_bw20_bo058_seed41 1 1048576 524288 608174 185043 1057953 2759980 67757 364453 4358017 214718 0 0 67757 1 1 7 0
dev_deep_memory_cool_qam64_bw20_bo058_seed53 1 1048576 524288 608174 185043 1055534 2585687 64331 352757 5718260 107075 0 0 64331 1 1 7 0
dev_deep_memory_cool_qam64_bw20_bo058_seed67 1 1048576 524288 608174 185043 1058220 2868930 68688 363103 11334006 34388 0 0 68688 1 1 7 0
dev_deep_memory_cool_qam64_bw20_bo070_seed41 1 1048576 524288 734003 185043 1062265 2593391 76757 362565 4138567 213462 0 0 76757 4 1 7 0
dev_deep_memory_cool_qam64_bw20_bo070_seed53 1 1048576 524288 734003 185043 1059772 2429510 71966 351134 4859087 128772 0 0 71966 5 1 7 0
dev_deep_memory_cool_qam64_bw20_bo070_seed67 1 1048576 524288 734003 185043 1062625 2730087 78064 361250 11277289 35562 0 0 78064 5 1 7 0
dev_deep_memory_cool_qam64_bw40_bo058_seed41 1 1048576 1048576 608174 185043 1061831 2505238 67271 350812 12513638 73238 0 0 67271 1 1 7 0
dev_deep_memory_cool_qam64_bw40_bo058_seed53 1 1048576 1048576 608174 185043 1059488 2871055 66921 355432 11983133 62129 0 0 66921 1 1 7 0
dev_deep_memory_cool_qam64_bw40_bo058_seed67 1 1048576 1048576 608174 185043 1060412 2960693 67055 356576 12257529 41950 0 0 67055 1 1 7 0
dev_deep_memory_cool_qam64_bw40_bo070_seed41 1 1048576 1048576 734003 185043 1066629 2398212 77435 348825 9426922 75090 0 0 77435 5 1 7 0
dev_deep_memory_cool_qam64_bw40_bo070_seed53 1 1048576 1048576 734003 185043 1064110 2683671 76288 353812 12182065 85422 0 0 76288 6 0 0 0
dev_deep_memory_cool_qam64_bw40_bo070_seed67 1 1048576 1048576 734003 185043 1065343 2802838 76159 354716 14024691 44989 0 0 76159 6 0 0 0
dev_hot_softsat_qam16_bw20_bo058_seed41 1 262144 524288 608174 838861 1059530 2613553 78968 382863 9287239 69019 0 0 78968 1 1 7 0
dev_hot_softsat_qam16_bw20_bo058_seed53 1 262144 524288 608174 838861 1060171 2405333 79759 356183 4815443 160878 0 0 79759 1 1 7 0
dev_hot_softsat_qam16_bw20_bo058_seed67 1 262144 524288 608174 838861 1060958 2878681 77620 372881 2158239 304255 0 0 77620 1 1 7 0
dev_hot_softsat_qam16_bw20_bo070_seed41 1 262144 524288 734003 838861 1064227 2473847 91293 379936 13429637 50530 0 0 91293 6 0 0 0
dev_hot_softsat_qam16_bw20_bo070_seed53 1 262144 524288 734003 838861 1065415 2252459 91687 353185 4016116 105906 0 0 91687 6 0 0 0
dev_hot_softsat_qam16_bw20_bo070_seed67 1 262144 524288 734003 838861 1066083 2689244 88623 371505 2392417 339294 0 0 88623 6 0 0 0
dev_hot_softsat_qam16_bw40_bo058_seed41 1 262144 1048576 608174 838861 1057033 2955809 72441 353535 26660221 68320 0 0 72441 1 1 7 0
dev_hot_softsat_qam16_bw40_bo058_seed53 1 262144 1048576 608174 838861 1058037 3095289 73933 350736 15646910 154954 0 0 73933 1 1 7 0
dev_hot_softsat_qam16_bw40_bo058_seed67 1 262144 1048576 608174 838861 1061035 2856805 79916 369540 7703231 140130 0 0 79916 1 1 7 0
dev_hot_softsat_qam16_bw40_bo070_seed41 1 262144 1048576 734003 838861 1061152 2787875 80063 353128 42133037 44775 0 0 80063 6 0 0 0
dev_hot_softsat_qam16_bw40_bo070_seed53 1 262144 1048576 734003 838861 1062824 2920069 81805 349171 28648386 47104 0 0 81805 5 1 7 0
dev_hot_softsat_qam16_bw40_bo070_seed67 1 262144 1048576 734003 838861 1066113 2691490 90342 367171 4303265 121878 0 0 90342 6 0 0 0
dev_hot_softsat_qam64_bw20_bo058_seed41 1 1048576 524288 608174 838861 1057658 2707263 76729 365326 5260502 190147 0 0 76729 1 1 7 0
dev_hot_softsat_qam64_bw20_bo058_seed53 1 1048576 524288 608174 838861 1055668 2533206 73598 353588 4686274 115953 0 0 73598 1 1 7 0
dev_hot_softsat_qam64_bw20_bo058_seed67 1 1048576 524288 608174 838861 1058256 2829167 78214 364006 13803023 29473 0 0 78214 1 1 7 0
dev_hot_softsat_qam64_bw20_bo070_seed41 1 1048576 524288 734003 838861 1062319 2553363 86695 361920 6578985 248214 0 0 86695 4 1 7 0
dev_hot_softsat_qam64_bw20_bo070_seed53 1 1048576 524288 734003 838861 1059602 2401005 81524 351989 5052972 84836 0 0 81524 6 0 0 0
dev_hot_softsat_qam64_bw20_bo070_seed67 1 1048576 524288 734003 838861 1063056 2675345 88093 361187 12016042 19181 0 0 88093 6 0 0 0
dev_hot_softsat_qam64_bw40_bo058_seed41 1 1048576 1048576 608174 838861 1062602 2488769 76720 351121 6940846 53748 0 0 76720 1 1 7 0
dev_hot_softsat_qam64_bw40_bo058_seed53 1 1048576 1048576 608174 838861 1059814 2826714 75729 355945 4826966 36248 0 0 75729 1 1 7 0
dev_hot_softsat_qam64_bw40_bo058_seed67 1 1048576 1048576 608174 838861 1060805 2911083 76510 357618 16007426 54364 0 0 76510 1 1 7 0
dev_hot_softsat_qam64_bw40_bo070_seed41 1 1048576 1048576 734003 838861 1067533 2375411 86471 349608 18753011 59579 0 0 86471 6 0 0 0
dev_hot_softsat_qam64_bw40_bo070_seed53 1 1048576 1048576 734003 838861 1064489 2623042 85322 354516 6348056 66376 0 0 85322 6 0 0 0
dev_hot_softsat_qam64_bw40_bo070_seed67 1 1048576 1048576 734003 838861 1066120 2749718 85050 355470 14696008 119741 0 0 85050 6 0 0 0
dev_high_gain_thermal_qam16_bw20_bo058_seed41 1 262144 524288 608174 962223 1056541 2713642 82291 382157 8555175 94969 0 0 82291 1 1 7 0
dev_high_gain_thermal_qam16_bw20_bo058_seed53 1 262144 524288 608174 962223 1057438 2420139 82518 355598 5584814 140152 0 0 82518 1 1 7 0
dev_high_gain_thermal_qam16_bw20_bo058_seed67 1 262144 524288 608174 962223 1058621 2966051 81037 372241 2542768 226203 0 0 81037 1 1 7 0
dev_high_gain_thermal_qam16_bw20_bo070_seed41 1 262144 524288 734003 962223 1061190 2542121 90070 379867 8418648 57242 0 0 90070 6 0 0 0
dev_high_gain_thermal_qam16_bw20_bo070_seed53 1 262144 524288 734003 962223 1062273 2283707 91633 353123 4240274 127345 0 0 91633 6 0 0 0
dev_high_gain_thermal_qam16_bw20_bo070_seed67 1 262144 524288 734003 962223 1063226 2777630 88864 370361 2486439 301432 0 0 88864 6 0 0 0
dev_high_gain_thermal_qam16_bw40_bo058_seed41 1 262144 1048576 608174 962223 1055145 3003541 76148 353075 16092959 29228 0 0 76148 1 1 7 0
dev_high_gain_thermal_qam16_bw40_bo058_seed53 1 262144 1048576 608174 962223 1056106 3176319 78359 349682 36019761 24869 0 0 78359 1 1 7 0
dev_high_gain_thermal_qam16_bw40_bo058_seed67 1 262144 1048576 608174 962223 1058285 2918130 82593 368690 5511184 129926 0 0 82593 1 1 7 0
dev_high_gain_thermal_qam16_bw40_bo070_seed41 1 262144 1048576 734003 962223 1059068 2836454 82128 352058 17808807 39969 0 0 82128 6 0 0 0
dev_high_gain_thermal_qam16_bw40_bo070_seed53 1 262144 1048576 734003 962223 1060023 2993532 83879 348155 67027108 78377 0 0 83879 6 0 0 0
dev_high_gain_thermal_qam16_bw40_bo070_seed67 1 262144 1048576 734003 962223 1063212 2755877 91514 366781 5505145 104675 0 0 91514 6 0 0 0
dev_high_gain_thermal_qam64_bw20_bo058_seed41 1 1048576 524288 608174 962223 1055484 2791016 80522 364892 4596752 216983 0 0 80522 1 1 7 0
dev_high_gain_thermal_qam64_bw20_bo058_seed53 1 1048576 524288 608174 962223 1053130 2603396 77635 352562 6351960 109576 0 0 77635 1 1 7 0
dev_high_gain_thermal_qam64_bw20_bo058_seed67 1 1048576 524288 608174 962223 1055638 2889338 81367 363098 10980740 34455 0 0 81367 1 1 7 0
dev_high_gain_thermal_qam64_bw20_bo070_seed41 1 1048576 524288 734003 962223 1059793 2618181 87562 362338 4463399 235226 0 0 87562 6 0 0 0
dev_high_gain_thermal_qam64_bw20_bo070_seed53 1 1048576 524288 734003 962223 1056676 2461247 82982 351486 5260934 115242 0 0 82982 6 0 0 0
dev_high_gain_thermal_qam64_bw20_bo070_seed67 1 1048576 524288 734003 962223 1060054 2740218 88676 361075 12584272 44336 0 0 88676 6 0 0 0
dev_high_gain_thermal_qam64_bw40_bo058_seed41 1 1048576 1048576 608174 962223 1060140 2517288 79009 351026 9586435 58791 0 0 79009 1 1 7 0
dev_high_gain_thermal_qam64_bw40_bo058_seed53 1 1048576 1048576 608174 962223 1057360 2888937 79350 355179 13796883 63933 0 0 79350 1 1 7 0
dev_high_gain_thermal_qam64_bw40_bo058_seed67 1 1048576 1048576 608174 962223 1058447 3013129 79702 356720 10197524 41450 0 0 79702 1 1 7 0
dev_high_gain_thermal_qam64_bw40_bo070_seed41 1 1048576 1048576 734003 962223 1064883 2416858 86918 349233 10733128 58109 0 0 86918 6 0 0 0
dev_high_gain_thermal_qam64_bw40_bo070_seed53 1 1048576 1048576 734003 962223 1061826 2710624 86576 353824 8611960 32250 0 0 86576 6 0 0 0
dev_high_gain_thermal_qam64_bw40_bo070_seed67 1 1048576 1048576 734003 962223 1063180 2832485 86376 354766 14123704 78071 0 0 86376 6 0 0 0
dev_low_sat_quiet_qam16_bw20_bo058_seed41 1 262144 524288 608174 370086 1060134 2687877 43976 382040 8991566 79024 0 0 43976 1 1 7 0
dev_low_sat_quiet_qam16_bw20_bo058_seed53 1 262144 524288 608174 370086 1060847 2412535 43932 354990 4915126 133589 0 0 43932 1 1 7 0
dev_low_sat_quiet_qam16_bw20_bo058_seed67 1 262144 524288 608174 370086 1061060 2948358 42383 372513 2623226 293620 0 0 42383 1 1 7 0
dev_low_sat_quiet_qam16_bw20_bo070_seed41 1 262144 524288 734003 370086 1064895 2536776 58150 379831 8897483 68094 0 0 58150 5 1 7 0
dev_low_sat_quiet_qam16_bw20_bo070_seed53 1 262144 524288 734003 370086 1065742 2271858 58061 352640 4792521 144401 0 0 58061 6 0 0 0
dev_low_sat_quiet_qam16_bw20_bo070_seed67 1 262144 524288 734003 370086 1065883 2758941 55048 370285 2537734 313859 0 0 55048 6 0 0 0
dev_low_sat_quiet_qam16_bw40_bo058_seed41 1 262144 1048576 608174 370086 1058091 2999317 36819 352936 15780953 45534 0 0 36819 1 1 7 0
dev_low_sat_quiet_qam16_bw40_bo058_seed53 1 262144 1048576 608174 370086 1058111 3148590 35939 350091 25953625 58338 0 0 35939 1 1 7 0
dev_low_sat_quiet_qam16_bw40_bo058_seed67 1 262144 1048576 608174 370086 1061188 2876982 43482 368683 4712198 93473 0 0 43482 1 1 7 0
dev_low_sat_quiet_qam16_bw40_bo070_seed41 1 262144 1048576 734003 370086 1062237 2828840 46795 351691 16675699 50010 0 0 46795 5 1 7 0
dev_low_sat_quiet_qam16_bw40_bo070_seed53 1 262144 1048576 734003 370086 1062136 2954014 45452 348411 25338717 31861 0 0 45452 5 1 7 0
dev_low_sat_quiet_qam16_bw40_bo070_seed67 1 262144 1048576 734003 370086 1066329 2709201 56788 366820 5120564 105532 0 0 56788 6 0 0 0
dev_low_sat_quiet_qam64_bw20_bo058_seed41 1 1048576 524288 608174 370086 1059059 2771648 40083 364329 4481657 214908 0 0 40083 1 1 7 0
dev_low_sat_quiet_qam64_bw20_bo058_seed53 1 1048576 524288 608174 370086 1057740 2615451 36266 352390 5926956 101268 0 0 36266 1 1 7 0
dev_low_sat_quiet_qam64_bw20_bo058_seed67 1 1048576 524288 608174 370086 1059686 2889284 41207 363937 10875909 43538 0 0 41207 1 1 7 0
dev_low_sat_quiet_qam64_bw20_bo070_seed41 1 1048576 524288 734003 370086 1063505 2603749 51673 362379 5032920 223206 0 0 51673 4 1 7 0
dev_low_sat_quiet_qam64_bw20_bo070_seed53 1 1048576 524288 734003 370086 1061747 2483409 45629 350579 5412399 124047 0 0 45629 5 1 7 0
dev_low_sat_quiet_qam64_bw20_bo070_seed67 1 1048576 524288 734003 370086 1064242 2726805 53219 362175 10473329 41767 0 0 53219 5 1 7 0
dev_low_sat_quiet_qam64_bw40_bo058_seed41 1 1048576 1048576 608174 370086 1060829 2527397 40847 351085 11326585 79540 0 0 40847 1 1 7 0
dev_low_sat_quiet_qam64_bw40_bo058_seed53 1 1048576 1048576 608174 370086 1060044 2903291 39460 355424 15257345 50194 0 0 39460 1 1 7 0
dev_low_sat_quiet_qam64_bw40_bo058_seed67 1 1048576 1048576 608174 370086 1060605 2949947 39348 356455 13486878 60675 0 0 39348 1 1 7 0
dev_low_sat_quiet_qam64_bw40_bo070_seed41 1 1048576 1048576 734003 370086 1065795 2419470 53731 349015 8726628 78707 0 0 53731 5 1 7 0
dev_low_sat_quiet_qam64_bw40_bo070_seed53 1 1048576 1048576 734003 370086 1064560 2708634 51125 353790 11389981 65519 0 0 51125 6 0 0 0
dev_low_sat_quiet_qam64_bw40_bo070_seed67 1 1048576 1048576 734003 370086 1065446 2777298 50701 354896 13457469 73821 0 0 50701 6 0 0 0
dev_combined_noise_qam16_bw20_bo058_seed41 1 262144 524288 608174 1011567 1057940 2641075 98383 383926 16776440 56688 0 0 98383 1 1 7 0
dev_combined_noise_qam16_bw20_bo058_seed53 1 262144 524288 608174 1011567 1059222 2330648 99363 358732 3493622 111408 0 0 99363 1 1 7 0
dev_combined_noise_qam16_bw20_bo058_seed67 1 262144 524288 608174 1011567 1059799 2820369 98075 376022 3174885 253839 0 0 98075 1 1 7 0
dev_combined_noise_qam16_bw20_bo070_seed41 1 262144 524288 734003 1011567 1063608 2406284 111791 382721 13562391 52382 0 0 111791 6 0 0 0
dev_combined_noise_qam16_bw20_bo070_seed53 1 262144 524288 734003 1011567 1064439 2197057 111569 354943 2589951 27779 0 0 111569 6 0 0 0
dev_combined_noise_qam16_bw20_bo070_seed67 1 262144 524288 734003 1011567 1066194 2558671 107296 372001 4240650 370513 0 0 107296 6 0 0 0
dev_combined_noise_qam16_bw40_bo058_seed41 1 262144 1048576 608174 1011567 1056919 2858154 93087 356633 45349036 46103 0 0 93087 1 1 7 0
dev_combined_noise_qam16_bw40_bo058_seed53 1 262144 1048576 608174 1011567 1058408 3038213 94206 351340 17988924 3537 0 0 94206 1 1 7 0
dev_combined_noise_qam16_bw40_bo058_seed67 1 262144 1048576 608174 1011567 1060266 2810626 99747 371624 4987439 158706 0 0 99747 1 1 7 0
dev_combined_noise_qam16_bw40_bo070_seed41 1 262144 1048576 734003 1011567 1060570 2683873 99128 354450 8294202 39110 0 0 99128 6 0 0 0
dev_combined_noise_qam16_bw40_bo070_seed53 1 262144 1048576 734003 1011567 1061827 2820475 100952 350900 6850709 138473 0 0 100952 6 0 0 0
dev_combined_noise_qam16_bw40_bo070_seed67 1 262144 1048576 734003 1011567 1065360 2648202 110220 369936 3999178 265279 0 0 110220 6 0 0 0
dev_combined_noise_qam64_bw20_bo058_seed41 1 1048576 524288 608174 1011567 1056901 2702965 96371 366641 5501625 285366 0 0 96371 1 1 7 0
dev_combined_noise_qam64_bw20_bo058_seed53 1 1048576 524288 608174 1011567 1053848 2551784 94526 356945 7646711 114263 0 0 94526 1 1 7 0
dev_combined_noise_qam64_bw20_bo058_seed67 1 1048576 524288 608174 1011567 1056396 2778000 96537 365825 15310649 90141 0 0 96537 1 1 7 0
dev_combined_noise_qam64_bw20_bo070_seed41 1 1048576 524288 734003 1011567 1061864 2522311 105780 365126 3702890 319727 0 0 105780 6 0 0 0
dev_combined_noise_qam64_bw20_bo070_seed53 1 1048576 524288 734003 1011567 1057848 2353030 100325 355276 5749015 148480 0 0 100325 6 0 0 0
dev_combined_noise_qam64_bw20_bo070_seed67 1 1048576 524288 734003 1011567 1060405 2682369 105661 363985 9688775 30528 0 0 105661 6 0 0 0
dev_combined_noise_qam64_bw40_bo058_seed41 1 1048576 1048576 608174 1011567 1061783 2486449 96711 354128 25687659 141975 0 0 96711 1 1 7 0
dev_combined_noise_qam64_bw40_bo058_seed53 1 1048576 1048576 608174 1011567 1058528 2796030 95973 357600 14859034 194082 0 0 95973 1 1 7 0
dev_combined_noise_qam64_bw40_bo058_seed67 1 1048576 1048576 608174 1011567 1060443 2872327 95426 359285 7683103 147038 0 0 95426 1 1 7 0
dev_combined_noise_qam64_bw40_bo070_seed41 1 1048576 1048576 734003 1011567 1067683 2346523 105599 350863 6763641 23754 0 0 105599 6 0 0 0
dev_combined_noise_qam64_bw40_bo070_seed53 1 1048576 1048576 734003 1011567 1063600 2644421 104914 356460 13385070 253991 0 0 104914 6 0 0 0
dev_combined_noise_qam64_bw40_bo070_seed67 1 1048576 1048576 734003 1011567 1065592 2678684 105209 357524 9445130 70018 0 0 105209 6 0 0 0
dev_mid_gain_memory_qam16_bw20_bo058_seed41 1 262144 524288 608174 715499 1059011 2671828 63909 381738 9041900 67507 0 0 63909 1 1 7 0
dev_mid_gain_memory_qam16_bw20_bo058_seed53 1 262144 524288 608174 715499 1060510 2393756 65506 354966 4701419 154324 0 0 65506 1 1 7 0
dev_mid_gain_memory_qam16_bw20_bo058_seed67 1 262144 524288 608174 715499 1060671 2941873 63718 372351 2747564 283944 0 0 63718 1 1 7 0
dev_mid_gain_memory_qam16_bw20_bo070_seed41 1 262144 524288 734003 715499 1063931 2539025 75034 379639 9208953 88068 0 0 75034 6 0 0 0
dev_mid_gain_memory_qam16_bw20_bo070_seed53 1 262144 524288 734003 715499 1065151 2273649 76447 352376 3922732 94065 0 0 76447 6 0 0 0
dev_mid_gain_memory_qam16_bw20_bo070_seed67 1 262144 524288 734003 715499 1065399 2745821 73897 370218 2312899 287187 0 0 73897 6 0 0 0
dev_mid_gain_memory_qam16_bw40_bo058_seed41 1 262144 1048576 608174 715499 1057203 2988823 58663 353165 19054615 61202 0 0 58663 1 1 7 0
dev_mid_gain_memory_qam16_bw40_bo058_seed53 1 262144 1048576 608174 715499 1057730 3143683 58635 349801 35138690 50970 0 0 58635 1 1 7 0
dev_mid_gain_memory_qam16_bw40_bo058_seed67 1 262144 1048576 608174 715499 1060464 2890191 65021 368610 6268290 79384 0 0 65021 1 1 7 0
dev_mid_gain_memory_qam16_bw40_bo070_seed41 1 262144 1048576 734003 715499 1061510 2817500 66092 351380 26641636 58579 0 0 66092 5 1 7 0
dev_mid_gain_memory_qam16_bw40_bo070_seed53 1 262144 1048576 734003 715499 1061910 2953073 66007 348023 10412933 30865 0 0 66007 5 1 7 0
dev_mid_gain_memory_qam16_bw40_bo070_seed67 1 262144 1048576 734003 715499 1065715 2715332 75832 366818 4952052 62855 0 0 75832 6 0 0 0
dev_mid_gain_memory_qam64_bw20_bo058_seed41 1 1048576 524288 608174 715499 1058053 2770842 62568 364530 4681360 207863 0 0 62568 1 1 7 0
dev_mid_gain_memory_qam64_bw20_bo058_seed53 1 1048576 524288 608174 715499 1055911 2599150 58683 352701 5569301 101856 0 0 58683 1 1 7 0
dev_mid_gain_memory_qam64_bw20_bo058_seed67 1 1048576 524288 608174 715499 1058353 2872683 63999 363350 11610168 40988 0 0 63999 1 1 7 0
dev_mid_gain_memory_qam64_bw20_bo070_seed41 1 1048576 524288 734003 715499 1062554 2598299 71136 362532 4122656 247834 0 0 71136 4 1 7 0
dev_mid_gain_memory_qam64_bw20_bo070_seed53 1 1048576 524288 734003 715499 1060302 2444454 65706 350929 5309904 123159 0 0 65706 5 1 7 0
dev_mid_gain_memory_qam64_bw20_bo070_seed67 1 1048576 524288 734003 715499 1062997 2704334 72786 361653 14962571 44888 0 0 72786 5 1 7 0
dev_mid_gain_memory_qam64_bw40_bo058_seed41 1 1048576 1048576 608174 715499 1061287 2510989 61556 350753 13647574 85326 0 0 61556 1 1 7 0
dev_mid_gain_memory_qam64_bw40_bo058_seed53 1 1048576 1048576 608174 715499 1059406 2869208 61355 354957 12153042 77837 0 0 61355 2 1 7 0
dev_mid_gain_memory_qam64_bw40_bo058_seed67 1 1048576 1048576 608174 715499 1060211 2968175 61680 356269 10757010 58369 0 0 61680 2 1 7 0
dev_mid_gain_memory_qam64_bw40_bo070_seed41 1 1048576 1048576 734003 715499 1066074 2426970 71319 348905 17731186 105697 0 0 71319 5 1 7 0
dev_mid_gain_memory_qam64_bw40_bo070_seed53 1 1048576 1048576 734003 715499 1063936 2706551 70316 353733 8751386 42307 0 0 70316 6 0 0 0
dev_mid_gain_memory_qam64_bw40_bo070_seed67 1 1048576 1048576 734003 715499 1065179 2781681 70654 354874 13153481 30549 0 0 70654 6 0 0 0
blind_gain_memory_qam16_bw20_bo058_seed41 1 262144 524288 608174 801852 1059361 2654064 69779 381918 11378206 58987 0 0 69779 1 1 7 454138357738
blind_gain_memory_qam16_bw20_bo058_seed53 1 262144 524288 608174 801852 1061157 2384460 71205 354289 4252519 139161 0 0 71205 1 1 7 459692309224
blind_gain_memory_qam16_bw20_bo058_seed67 1 262144 524288 608174 801852 1061280 2910072 69757 371967 2721654 315604 0 0 69757 1 1 7 604693047226
blind_gain_memory_qam16_bw20_bo070_seed41 1 262144 524288 734003 801852 1064512 2503667 81518 379587 11202557 89644 0 0 81518 6 0 0 543194436739
blind_gain_memory_qam16_bw20_bo070_seed53 1 262144 524288 734003 801852 1065917 2249594 82578 351946 4276807 125373 0 0 82578 6 0 0 646858824869
blind_gain_memory_qam16_bw20_bo070_seed67 1 262144 524288 734003 801852 1066265 2713900 80002 370521 2459693 335992 0 0 80002 6 0 0 673804910624
blind_gain_memory_qam16_bw40_bo058_seed41 1 262144 1048576 608174 801852 1057459 2963243 63706 352627 23063439 38160 0 0 63706 1 1 7 525211809109
blind_gain_memory_qam16_bw40_bo058_seed53 1 262144 1048576 608174 801852 1058558 3123656 64267 349417 68370992 92011 0 0 64267 1 1 7 2661550785668
blind_gain_memory_qam16_bw40_bo058_seed67 1 262144 1048576 608174 801852 1060982 2865616 70929 368228 5210331 105371 0 0 70929 2 1 7 548017463212
blind_gain_memory_qam16_bw40_bo070_seed41 1 262144 1048576 734003 801852 1062053 2771092 71461 351338 17825730 34955 0 0 71461 5 1 7 1024238803438
blind_gain_memory_qam16_bw40_bo070_seed53 1 262144 1048576 734003 801852 1062643 2931379 71916 347657 84620940 21674 0 0 71916 5 1 7 4940835892395
blind_gain_memory_qam16_bw40_bo070_seed67 1 262144 1048576 734003 801852 1066138 2708914 81662 366394 5743769 151916 0 0 81662 6 0 0 820289709193
blind_gain_memory_qam64_bw20_bo058_seed41 1 1048576 524288 608174 801852 1058634 2761885 67156 364043 4458728 210122 0 0 67156 1 1 7 315683802855
blind_gain_memory_qam64_bw20_bo058_seed53 1 1048576 524288 608174 801852 1056450 2577323 63974 352182 5818544 116910 0 0 63974 1 1 7 413565731992
blind_gain_memory_qam64_bw20_bo058_seed67 1 1048576 524288 608174 801852 1058974 2862596 69148 363017 11521960 46031 0 0 69148 1 1 7 368837863822
blind_gain_memory_qam64_bw20_bo070_seed41 1 1048576 524288 734003 801852 1062975 2573919 76898 362046 4721464 271223 0 0 76898 4 1 7 499339011048
blind_gain_memory_qam64_bw20_bo070_seed53 1 1048576 524288 734003 801852 1060498 2424695 72700 350893 5439948 149010 0 0 72700 5 1 7 625003783254
blind_gain_memory_qam64_bw20_bo070_seed67 1 1048576 524288 734003 801852 1063899 2709235 78624 360610 12229024 39187 0 0 78624 5 1 7 540151626958
blind_gain_memory_qam64_bw40_bo058_seed41 1 1048576 1048576 608174 801852 1062185 2520950 67321 350527 8775707 54764 0 0 67321 1 1 7 756112915577
blind_gain_memory_qam64_bw40_bo058_seed53 1 1048576 1048576 608174 801852 1059974 2843232 67298 355057 9250266 63403 0 0 67298 1 1 7 532876268414
blind_gain_memory_qam64_bw40_bo058_seed67 1 1048576 1048576 608174 801852 1061130 2944987 67702 356050 13092792 59852 0 0 67702 1 1 7 543867538486
blind_gain_memory_qam64_bw40_bo070_seed41 1 1048576 1048576 734003 801852 1067362 2397243 77597 348247 11854872 88842 0 0 77597 5 1 7 796661932308
blind_gain_memory_qam64_bw40_bo070_seed53 1 1048576 1048576 734003 801852 1064764 2655659 76151 353567 11176259 31177 0 0 76151 6 0 0 578907741395
blind_gain_memory_qam64_bw40_bo070_seed67 1 1048576 1048576 734003 801852 1066314 2759422 76417 354505 13185494 51960 0 0 76417 6 0 0 602719411121
blind_compression_noise_qam16_bw20_bo058_seed41 1 262144 524288 608174 493448 1058992 2661796 60611 385166 10269026 20166 0 0 60611 1 1 7 449170123159
blind_compression_noise_qam16_bw20_bo058_seed53 1 262144 524288 608174 493448 1060591 2377114 61358 356987 5118938 164610 0 0 61358 1 1 7 343068412775
blind_compression_noise_qam16_bw20_bo058_seed67 1 262144 524288 608174 493448 1060519 2951785 59383 374106 2064042 221178 0 0 59383 1 1 7 690779271198
blind_compression_noise_qam16_bw20_bo070_seed41 1 262144 524288 734003 493448 1065007 2503487 73159 381434 9220720 148075 0 0 73159 5 1 7 683040632040
blind_compression_noise_qam16_bw20_bo070_seed53 1 262144 524288 734003 493448 1066383 2241407 73509 354122 3811999 260534 0 0 73509 6 0 0 1468580769537
blind_compression_noise_qam16_bw20_bo070_seed67 1 262144 524288 734003 493448 1065425 2741983 70973 372515 2194906 280369 0 0 70973 6 0 0 573641391937
blind_compression_noise_qam16_bw40_bo058_seed41 1 262144 1048576 608174 493448 1057126 2989369 54624 355458 13068963 68198 0 0 54624 1 1 7 1076547730102
blind_compression_noise_qam16_bw40_bo058_seed53 1 262144 1048576 608174 493448 1057801 3110416 55135 351795 22748164 69197 0 0 55135 1 1 7 660136399178
blind_compression_noise_qam16_bw40_bo058_seed67 1 262144 1048576 608174 493448 1060339 2903929 60022 370439 3322406 64006 0 0 60022 1 1 7 536277026111
blind_compression_noise_qam16_bw40_bo070_seed41 1 262144 1048576 734003 493448 1061743 2744134 62662 353780 11341429 42323 0 0 62662 5 1 7 514506840335
blind_compression_noise_qam16_bw40_bo070_seed53 1 262144 1048576 734003 493448 1062039 2907973 63544 350469 16709018 86781 0 0 63544 5 1 7 883994654126
blind_compression_noise_qam16_bw40_bo070_seed67 1 262144 1048576 734003 493448 1065645 2698611 72529 368887 4368693 154391 0 0 72529 6 0 0 260161157869
blind_compression_noise_qam64_bw20_bo058_seed41 1 1048576 524288 608174 493448 1058034 2783189 57111 366710 6631882 283244 0 0 57111 1 1 7 1075939191662
blind_compression_noise_qam64_bw20_bo058_seed53 1 1048576 524288 608174 493448 1056393 2563438 54674 354257 5422342 155427 0 0 54674 1 1 7 631592223412
blind_compression_noise_qam64_bw20_bo058_seed67 1 1048576 524288 608174 493448 1059048 2828246 59144 364343 13608899 27187 0 0 59144 1 1 7 323393220454
blind_compression_noise_qam64_bw20_bo070_seed41 1 1048576 524288 734003 493448 1062723 2567745 67728 364961 3561593 273985 0 0 67728 4 1 7 314924286365
blind_compression_noise_qam64_bw20_bo070_seed53 1 1048576 524288 734003 493448 1059986 2449874 62323 352584 5918236 101813 0 0 62323 5 1 7 624177556183
blind_compression_noise_qam64_bw20_bo070_seed67 1 1048576 524288 734003 493448 1063585 2721158 68737 363215 12543889 54141 0 0 68737 5 1 7 265728188436
blind_compression_noise_qam64_bw40_bo058_seed41 1 1048576 1048576 608174 493448 1060611 2516159 57311 352759 10210379 50618 0 0 57311 1 1 7 261316888435
blind_compression_noise_qam64_bw40_bo058_seed53 1 1048576 1048576 608174 493448 1059899 2857046 57234 357074 9552043 135976 0 0 57234 1 1 7 1000969314621
blind_compression_noise_qam64_bw40_bo058_seed67 1 1048576 1048576 608174 493448 1059847 2937727 57120 358620 7513435 88884 0 0 57120 2 1 7 459342697694
blind_compression_noise_qam64_bw40_bo070_seed41 1 1048576 1048576 734003 493448 1066093 2395541 68310 351122 10881598 79884 0 0 68310 5 1 7 263513398237
blind_compression_noise_qam64_bw40_bo070_seed53 1 1048576 1048576 734003 493448 1064246 2681475 67178 356060 7708863 37820 0 0 67178 6 0 0 302289360865
blind_compression_noise_qam64_bw40_bo070_seed67 1 1048576 1048576 734003 493448 1064812 2754372 66363 357244 20631717 72367 0 0 66363 6 0 0 763651801176
blind_thermal_memory_qam16_bw20_bo058_seed41 1 262144 524288 608174 888206 1058094 2657543 92103 380923 7496139 55825 0 0 92103 1 1 7 1213063491251
blind_thermal_memory_qam16_bw20_bo058_seed53 1 262144 524288 608174 888206 1059753 2383491 93557 355334 4121278 71326 0 0 93557 1 1 7 968724130258
blind_thermal_memory_qam16_bw20_bo058_seed67 1 262144 524288 608174 888206 1060924 2855547 91887 371816 2296531 411130 0 0 91887 1 1 7 3556326869185
blind_thermal_memory_qam16_bw20_bo070_seed41 1 262144 524288 734003 888206 1063350 2441623 103087 379224 9341039 106700 0 0 103087 6 0 0 1323126693095
blind_thermal_memory_qam16_bw20_bo070_seed53 1 262144 524288 734003 888206 1064817 2193385 104361 353068 4049479 108951 0 0 104361 6 0 0 706769090229
blind_thermal_memory_qam16_bw20_bo070_seed67 1 262144 524288 734003 888206 1066460 2651598 101585 369319 2235229 262887 0 0 101585 6 0 0 711594772764
blind_thermal_memory_qam16_bw40_bo058_seed41 1 262144 1048576 608174 888206 1056829 2921257 84883 353186 14953630 59685 0 0 84883 1 1 7 1246906737814
blind_thermal_memory_qam16_bw40_bo058_seed53 1 262144 1048576 608174 888206 1057706 3096913 86915 349611 66551194 56831 0 0 86915 1 1 7 2926901270866
blind_thermal_memory_qam16_bw40_bo058_seed67 1 262144 1048576 608174 888206 1060523 2844379 92776 368516 7047071 120734 0 0 92776 1 1 7 1007070631837
blind_thermal_memory_qam16_bw40_bo070_seed41 1 262144 1048576 734003 888206 1061118 2752990 93065 351917 12510293 70512 0 0 93065 6 0 0 1001173947817
blind_thermal_memory_qam16_bw40_bo070_seed53 1 262144 1048576 734003 888206 1062162 2878184 94819 347812 134328854 77794 0 0 94819 6 0 0 12622986512613
blind_thermal_memory_qam16_bw40_bo070_seed67 1 262144 1048576 734003 888206 1065961 2649909 103677 366723 5178006 121780 0 0 103677 6 0 0 1577471655918
blind_thermal_memory_qam64_bw20_bo058_seed41 1 1048576 524288 608174 888206 1057041 2712549 90200 364320 3844385 183072 0 0 90200 1 1 7 1462611303343
blind_thermal_memory_qam64_bw20_bo058_seed53 1 1048576 524288 608174 888206 1054646 2540960 86625 352654 5994279 95849 0 0 86625 1 1 7 552573443020
blind_thermal_memory_qam64_bw20_bo058_seed67 1 1048576 524288 608174 888206 1057138 2819701 90743 362476 11729510 23917 0 0 90743 1 1 7 1052255077175
blind_thermal_memory_qam64_bw20_bo070_seed41 1 1048576 524288 734003 888206 1061625 2525691 99039 362734 3500188 135539 0 0 99039 6 0 0 676523048344
blind_thermal_memory_qam64_bw20_bo070_seed53 1 1048576 524288 734003 888206 1059323 2362060 93884 351062 4251170 152641 0 0 93884 6 0 0 1015846421509
blind_thermal_memory_qam64_bw20_bo070_seed67 1 1048576 524288 734003 888206 1061705 2687062 99791 360857 10752499 35553 0 0 99791 6 0 0 800333685213
blind_thermal_memory_qam64_bw40_bo058_seed41 1 1048576 1048576 608174 888206 1062428 2482240 89104 350467 20081120 75314 0 0 89104 1 1 7 1096615684572
blind_thermal_memory_qam64_bw40_bo058_seed53 1 1048576 1048576 608174 888206 1058941 2796807 89186 355292 10286827 66817 0 0 89186 1 1 7 959086994655
blind_thermal_memory_qam64_bw40_bo058_seed67 1 1048576 1048576 608174 888206 1060248 2929757 89329 357068 11708593 56512 0 0 89329 1 1 7 938001083345
blind_thermal_memory_qam64_bw40_bo070_seed41 1 1048576 1048576 734003 888206 1067449 2354916 99311 348536 8237302 78011 0 0 99311 6 0 0 917006775127
blind_thermal_memory_qam64_bw40_bo070_seed53 1 1048576 1048576 734003 888206 1064151 2602691 98364 353663 11919189 144471 0 0 98364 6 0 0 2044375776621
blind_thermal_memory_qam64_bw40_bo070_seed67 1 1048576 1048576 734003 888206 1065561 2766957 98031 354701 14340506 18421 0 0 98031 6 0 0 1486891806421
