# name valid raw[18] expected_q20[13] package direct path path_len ood
baseline_qam16_bw20_bo058_seed41 1 16 20000 580000 6400 10610651 10729786 23761 9314 518455 3910844 172696 17390 10366 183062 0 0 1152 518455 262144 524288 608174 308405 1060349 2675028 51235 382190 11038207 62940 0 0 51235 1 1 0 1 0
baseline_qam16_bw20_bo058_seed53 1 16 20000 580000 6400 11645990 11790425 23448 10234 575543 3988341 147233 39335 18861 166094 0 0 1152 575543 262144 524288 608174 308405 1061581 2402483 51820 354701 4427664 134326 0 0 51820 1 1 0 1 0
baseline_qam16_bw20_bo058_seed67 1 16 20000 580000 6400 9496237 9614919 23338 8346 456632 3415369 93449 46869 26557 120006 0 0 1152 456632 262144 524288 608174 308405 1061681 2932143 50421 372471 2684832 297992 0 0 50421 1 1 0 1 0
baseline_qam16_bw20_bo070_seed41 1 16 20000 700000 6400 12805968 13009529 27266 11292 791237 4713488 216435 22793 16565 233000 0 0 1152 791237 262144 524288 734003 308405 1065244 2531923 64788 379910 10719002 80253 0 0 64788 6 0 13 4 0
baseline_qam16_bw20_bo070_seed53 1 16 20000 700000 6400 14055500 14292054 26951 12406 866256 4802635 172308 47354 20874 193182 0 0 1152 866256 262144 524288 734003 308405 1066224 2277944 64625 352359 4277696 127028 0 0 64625 6 0 4 3 0
baseline_qam16_bw20_bo070_seed67 1 16 20000 700000 6400 11460990 11656707 26523 10118 677837 4121597 96169 53423 29407 125576 0 0 1152 677837 262144 524288 734003 308405 1066482 2748703 62016 370757 2464781 320638 0 0 62016 6 0 4 3 0
baseline_qam16_bw40_bo058_seed41 1 16 40000 580000 6400 17579350 17744226 21916 7701 745018 5973700 242364 12618 8434 250798 0 0 2304 745018 262144 1048576 608174 308405 1058411 2984105 44439 353009 20841715 36489 0 0 44439 1 1 0 1 0
baseline_qam16_bw40_bo058_seed53 1 16 40000 580000 6400 17565934 17737437 23059 7698 729753 5920254 97021 2995 9399 106420 0 0 2304 729753 262144 1048576 608174 308405 1058814 3140961 43562 349985 37258584 101582 0 0 43562 1 1 0 1 0
baseline_qam16_bw40_bo058_seed67 1 16 40000 580000 6400 19436455 19679150 23364 8541 949581 6917785 137806 31462 13936 151742 0 0 2304 949581 262144 1048576 608174 308405 1061669 2868391 51229 368605 5057308 106040 0 0 51229 1 1 0 1 0
baseline_qam16_bw40_bo070_seed41 1 16 40000 700000 6400 21216480 21501383 24996 9332 1088163 7210922 278161 16707 9843 288004 0 0 2304 1088163 262144 1048576 734003 308405 1062657 2808638 53780 351661 18075901 37105 0 0 53780 6 0 12 4 0
baseline_qam16_bw40_bo070_seed53 1 16 40000 700000 6400 21200300 21486276 26327 9325 1065646 7137718 116286 2292 4040 120326 0 0 2304 1065646 262144 1048576 734003 308405 1062720 2960414 52707 348336 55048410 36430 0 0 52707 6 0 12 4 0
baseline_qam16_bw40_bo070_seed67 1 16 40000 700000 6400 23457789 23864534 26854 10357 1420349 8346083 170672 37278 22632 193304 0 0 2304 1420349 262144 1048576 734003 308405 1066758 2718785 63490 366716 5437361 139047 0 0 63490 6 0 4 3 0
baseline_qam64_bw20_bo058_seed41 1 64 20000 580000 6400 10180568 10286693 23658 8929 460553 3574718 98425 25011 18555 116980 0 0 1152 460553 1048576 524288 608174 308405 1059507 2778274 47436 364390 4904339 197677 0 0 47436 1 1 0 1 0
baseline_qam64_bw20_bo058_seed53 1 64 20000 580000 6400 9499312 9585627 20708 8320 398081 3220667 168991 33463 17647 186638 0 0 1152 398081 1048576 524288 608174 308405 1058104 2609845 43942 352310 5848374 109498 0 0 43942 1 1 0 1 0
baseline_qam64_bw20_bo058_seed67 1 64 20000 580000 6400 9332025 9434871 22495 8189 436678 3273931 297811 29779 12953 310764 0 0 1152 436678 1048576 524288 608174 308405 1060132 2880415 49067 363859 10942600 45607 0 0 49067 1 1 0 1 0
baseline_qam64_bw20_bo070_seed41 1 64 20000 700000 6400 12286934 12465044 26893 10820 685584 4308450 115440 27762 24794 140234 0 0 1152 685584 1048576 524288 734003 308405 1063776 2606225 58508 362433 5296665 225211 0 0 58508 4 1 11 4 0
baseline_qam64_bw20_bo070_seed53 1 64 20000 700000 6400 11464715 11612307 23658 10080 584192 3885684 194281 41789 24199 218480 0 0 1152 584192 1048576 524288 734003 308405 1062075 2461033 53431 350872 5482134 130607 0 0 53431 6 0 10 4 0
baseline_qam64_bw20_bo070_seed67 1 64 20000 700000 6400 11262772 11436993 25889 9927 647777 3944255 357393 33849 14023 371416 0 0 1152 647777 1048576 524288 734003 308405 1064796 2734621 60309 361621 11505743 41143 0 0 60309 6 0 13 4 0
baseline_qam64_bw40_bo058_seed41 1 64 40000 580000 6400 20316553 20571561 21479 8928 937832 6885560 212255 26347 12717 224972 0 0 2304 937832 1048576 1048576 608174 308405 1061737 2522666 48403 350972 8953590 62824 0 0 48403 1 1 0 1 0
baseline_qam64_bw40_bo058_seed53 1 64 40000 580000 6400 18464452 18675794 22260 8105 830982 6331804 147268 15514 8396 155664 0 0 2304 830982 1048576 1048576 608174 308405 1060578 2879864 47191 355507 10521177 59781 0 0 47191 1 1 0 1 0
baseline_qam64_bw40_bo058_seed67 1 64 40000 580000 6400 18411183 18635369 22717 8088 834622 6332889 239663 20553 12643 252306 0 0 2304 834622 1048576 1048576 608174 308405 1061344 2945166 47534 356339 12872185 55316 0 0 47534 1 1 0 1 0
baseline_qam64_bw40_bo070_seed41 1 64 40000 700000 6400 24519917 24942875 24895 10825 1410088 8298581 258119 27569 21657 279776 0 0 2304 1410088 1048576 1048576 734003 308405 1066663 2411483 60301 348865 10641169 87979 0 0 60301 6 0 12 4 0
baseline_qam64_bw40_bo070_seed53 1 64 40000 700000 6400 22284727 22635957 25228 9824 1231616 7641434 175375 16407 7025 182400 0 0 2304 1231616 1048576 1048576 734003 308405 1065103 2692740 57952 353978 11657235 42003 0 0 57952 6 0 12 4 0
baseline_qam64_bw40_bo070_seed67 1 64 40000 700000 6400 22220410 22594867 25966 9806 1230183 7644373 275527 22963 13491 289018 0 0 2304 1230183 1048576 1048576 734003 308405 1066247 2776598 58052 354758 13197637 51343 0 0 58052 6 0 13 4 0
gain_mid_low_qam16_bw20_bo058_seed41 1 16 20000 580000 6400 10610651 10741274 23490 9324 549903 3911142 172780 18696 9092 181872 0 0 1152 549903 262144 524288 608174 308405 1061485 2641683 54343 381810 10200397 55178 0 0 54343 1 1 0 1 0
gain_mid_low_qam16_bw20_bo058_seed53 1 16 20000 580000 6400 11645990 11802143 23136 10244 604879 3989458 142519 35463 18953 161472 0 0 1152 604879 262144 524288 608174 308405 1062636 2368201 54462 354448 4774431 139446 0 0 54462 1 1 0 1 0
gain_mid_low_qam16_bw20_bo058_seed67 1 16 20000 580000 6400 9496237 9624677 23083 8354 477312 3413682 88423 48683 22475 110898 0 0 1152 477312 262144 524288 608174 308405 1062758 2897328 52705 371909 2388616 266523 0 0 52705 1 1 0 1 0
gain_mid_low_qam16_bw20_bo070_seed41 1 16 20000 700000 6400 12805968 13027559 26807 11308 851397 4710445 224765 26371 18391 243156 0 0 1152 851397 262144 524288 734003 308405 1066720 2485778 69714 379139 9668482 85798 0 0 69714 6 0 13 4 0
gain_mid_low_qam16_bw20_bo070_seed53 1 16 20000 700000 6400 14055500 14313074 26583 12424 930032 4801533 170382 51862 27588 197970 0 0 1152 930032 262144 524288 734003 308405 1067792 2243585 69383 351760 4002672 169784 0 0 69383 6 0 4 3 0
gain_mid_low_qam16_bw20_bo070_seed67 1 16 20000 700000 6400 11460990 11670480 26096 10130 725392 4118347 89960 54248 27256 117216 0 0 1152 725392 262144 524288 734003 308405 1067742 2701248 66367 370028 2265704 317697 0 0 66367 6 0 4 3 0
gain_mid_low_qam16_bw40_bo058_seed41 1 16 40000 580000 6400 17579350 17761214 21634 7708 781104 5976120 240840 15962 11272 252112 0 0 2304 781104 262144 1048576 608174 308405 1059424 2943032 46591 352815 16561746 49076 0 0 46591 1 1 0 1 0
gain_mid_low_qam16_bw40_bo058_seed53 1 16 40000 580000 6400 17565934 17751610 22742 7704 765756 5918124 94092 2974 4524 98616 0 0 2304 765756 262144 1048576 608174 308405 1059660 3095368 45711 349580 34770131 50416 0 0 45711 1 1 0 1 0
gain_mid_low_qam16_bw40_bo058_seed67 1 16 40000 580000 6400 19436455 19703555 23218 8551 995194 6918176 136455 34803 11403 147858 0 0 2304 995194 262144 1048576 608174 308405 1062986 2847133 53690 368169 4454798 87625 0 0 53690 1 1 0 1 0
gain_mid_low_qam16_bw40_bo070_seed41 1 16 40000 700000 6400 21216480 21523885 24507 9341 1156569 7214444 281321 18785 11449 292770 0 0 2304 1156569 262144 1048576 734003 308405 1063769 2751039 57161 351465 16342379 42674 0 0 57161 6 0 12 4 0
gain_mid_low_qam16_bw40_bo070_seed53 1 16 40000 700000 6400 21200300 21510292 25869 9336 1134432 7141705 117554 2748 8034 125588 0 0 2304 1134432 262144 1048576 734003 308405 1063908 2905485 56109 348141 47921602 71663 0 0 56109 6 0 12 4 0
gain_mid_low_qam16_bw40_bo070_seed67 1 16 40000 700000 6400 23457789 23896706 26380 10371 1521027 8347164 163146 38608 18650 181796 0 0 2304 1521027 262144 1048576 734003 308405 1068196 2667191 67991 366270 4937498 119868 0 0 67991 6 0 4 3 0
gain_mid_low_qam64_bw20_bo058_seed41 1 64 20000 580000 6400 10180568 10296419 23330 8937 484855 3574026 90037 21313 20293 110330 0 0 1152 484855 1048576 524288 608174 308405 1060508 2737303 49939 363975 5428114 236333 0 0 49939 1 1 0 1 0
gain_mid_low_qam64_bw20_bo058_seed53 1 64 20000 580000 6400 9499312 9594548 20337 8328 416560 3220141 167890 35604 19708 187598 0 0 1152 416560 1048576 524288 608174 308405 1059089 2560626 45982 351925 5524962 123089 0 0 45982 1 1 0 1 0
gain_mid_low_qam64_bw20_bo058_seed67 1 64 20000 580000 6400 9332025 9444936 22165 8198 460143 3270288 295746 27464 10238 305984 0 0 1152 460143 1048576 524288 608174 308405 1061263 2835044 51703 363067 11682474 36299 0 0 51703 1 1 0 1 0
gain_mid_low_qam64_bw20_bo070_seed41 1 64 20000 700000 6400 12286934 12479378 26424 10832 728628 4309602 116812 29316 23982 140794 0 0 1152 728628 1048576 524288 734003 308405 1064999 2557937 62182 362113 5035926 215277 0 0 62182 4 1 11 4 0
gain_mid_low_qam64_bw20_bo070_seed53 1 64 20000 700000 6400 11464715 11624364 23441 10090 608843 3882296 188924 41570 20470 209394 0 0 1152 608843 1048576 524288 734003 308405 1063178 2436043 55685 350203 5281826 113614 0 0 55685 6 0 10 4 0
gain_mid_low_qam64_bw20_bo070_seed67 1 64 20000 700000 6400 11262772 11447589 25566 9937 689775 3944315 362011 33517 14923 376934 0 0 1152 689775 1048576 524288 734003 308405 1065783 2697785 64219 361291 11792343 43225 0 0 64219 6 0 13 4 0
gain_mid_low_qam64_bw40_bo058_seed41 1 64 40000 580000 6400 20316553 20592333 21219 8937 983314 6882897 210815 23719 12701 223516 0 0 2304 983314 1048576 1048576 608174 308405 1062810 2489620 50751 350482 9881256 63174 0 0 50751 1 1 0 1 0
gain_mid_low_qam64_bw40_bo058_seed53 1 64 40000 580000 6400 18464452 18698791 21930 8115 873035 6330180 146103 12893 11031 157134 0 0 2304 873035 1048576 1048576 608174 308405 1061884 2833675 49579 354979 12779566 79169 0 0 49579 1 1 0 1 0
gain_mid_low_qam64_bw40_bo058_seed67 1 64 40000 580000 6400 18411183 18654294 22467 8096 869661 6333734 234028 24516 14014 248042 0 0 2304 869661 1048576 1048576 608174 308405 1062422 2909876 49530 356025 10609026 62791 0 0 49530 1 1 0 1 0
gain_mid_low_qam64_bw40_bo070_seed41 1 64 40000 700000 6400 24519917 24973993 24615 10839 1505038 8299872 249695 27803 18997 268692 0 0 2304 1505038 1048576 1048576 734003 308405 1067994 2381280 64362 348484 10133582 79777 0 0 64362 6 0 12 4 0
gain_mid_low_qam64_bw40_bo070_seed53 1 64 40000 700000 6400 22284727 22666444 24752 9837 1315403 7644235 169396 18236 8620 178016 0 0 2304 1315403 1048576 1048576 734003 308405 1066537 2638442 61894 353631 10235979 53359 0 0 61894 6 0 12 4 0
gain_mid_low_qam64_bw40_bo070_seed67 1 64 40000 700000 6400 22220410 22622553 25675 9818 1306425 7644569 261289 19305 13009 274298 0 0 2304 1306425 1048576 1048576 734003 308405 1067553 2742126 61650 354333 14898850 52206 0 0 61650 6 0 13 4 0
gain_low_qam16_bw20_bo058_seed41 1 16 20000 580000 6400 10610651 10754473 23258 9335 589550 3904299 175987 21613 10321 186308 0 0 1152 589550 262144 524288 608174 308405 1062789 2612510 58261 380675 9038916 61495 0 0 58261 1 1 0 1 0
gain_low_qam16_bw20_bo058_seed53 1 16 20000 580000 6400 11645990 11815755 22987 10256 647765 3987445 143009 38261 13625 156634 0 0 1152 647765 262144 524288 608174 308405 1063861 2350197 58323 353861 4292691 99902 0 0 58323 1 1 0 1 0
gain_low_qam16_bw20_bo058_seed67 1 16 20000 580000 6400 9496237 9637480 22564 8365 510717 3413076 84076 48448 27286 111362 0 0 1152 510717 262144 524288 608174 308405 1064172 2828460 56393 371349 2410244 340305 0 0 56393 1 1 0 1 0
gain_low_qam16_bw20_bo070_seed41 1 16 20000 700000 6400 12805968 13043874 26112 11322 921936 4705731 228854 26760 16720 245574 0 0 1152 921936 262144 524288 734003 308405 1068056 2418337 75490 378286 9622683 76609 0 0 75490 6 0 13 4 0
gain_low_qam16_bw20_bo070_seed53 1 16 20000 700000 6400 14055500 14330770 25949 12439 1003048 4800646 170802 50970 20460 191262 0 0 1152 1003048 262144 524288 734003 308405 1069112 2187435 74830 351261 3934721 125607 0 0 74830 6 0 4 3 0
gain_low_qam16_bw20_bo070_seed67 1 16 20000 700000 6400 11460990 11691817 25295 10149 781155 4111733 87453 53423 26399 113852 0 0 1152 781155 262144 524288 734003 308405 1069695 2613433 71469 368759 2234664 316528 0 0 71469 6 0 4 3 0
gain_low_qam16_bw40_bo058_seed41 1 16 40000 580000 6400 17579350 17782162 21310 7717 823526 5976920 238750 15408 11254 250004 0 0 2304 823526 262144 1048576 608174 308405 1060673 2895575 49122 352446 17013772 49427 0 0 49122 1 1 0 1 0
gain_low_qam16_bw40_bo058_seed53 1 16 40000 580000 6400 17565934 17768320 22442 7711 803842 5917533 95818 1930 4486 100304 0 0 2304 803842 262144 1048576 608174 308405 1060657 3051763 47984 349216 54495527 49092 0 0 47984 1 1 0 1 0
gain_low_qam16_bw40_bo058_seed67 1 16 40000 580000 6400 19436455 19730173 22749 8563 1061650 6918456 142001 28951 15785 157786 0 0 2304 1061650 262144 1048576 608174 308405 1064422 2785712 57275 367687 5714850 116561 0 0 57275 1 1 0 1 0
gain_low_qam16_bw40_bo070_seed41 1 16 40000 700000 6400 21216480 21551870 24162 9354 1240870 7214953 273094 18594 14276 287370 0 0 2304 1240870 262144 1048576 734003 308405 1065152 2708541 61327 351033 16205727 54814 0 0 61327 6 0 12 4 0
gain_low_qam16_bw40_bo070_seed53 1 16 40000 700000 6400 21200300 21536151 25271 9347 1212443 7134693 121537 1667 9905 131442 0 0 2304 1212443 262144 1048576 734003 308405 1065187 2834981 59968 347382 82679620 85457 0 0 59968 6 0 12 4 0
gain_low_qam16_bw40_bo070_seed67 1 16 40000 700000 6400 23457789 23940282 25763 10390 1643283 8345806 171238 39022 19232 190470 0 0 2304 1643283 262144 1048576 734003 308405 1070144 2600045 73456 365543 5118197 117767 0 0 73456 6 0 4 3 0
gain_low_qam64_bw20_bo058_seed41 1 64 20000 580000 6400 10180568 10308101 22919 8948 515863 3572828 91527 22919 16677 108204 0 0 1152 515863 1048576 524288 608174 308405 1061712 2685775 53133 363441 4950483 191059 0 0 53133 1 1 0 1 0
gain_low_qam64_bw20_bo058_seed53 1 64 20000 580000 6400 9499312 9605183 20179 8337 438471 3219466 164425 33061 15885 180310 0 0 1152 438471 1048576 524288 608174 308405 1060263 2537989 48400 351462 5718785 101302 0 0 48400 1 1 0 1 0
gain_low_qam64_bw20_bo058_seed67 1 64 20000 580000 6400 9332025 9455743 21927 8208 487134 3270679 294239 28787 9943 304182 0 0 1152 487134 1048576 524288 608174 308405 1062477 2801185 54736 362696 11079930 35434 0 0 54736 1 1 0 1 0
gain_low_qam64_bw20_bo070_seed41 1 64 20000 700000 6400 12286934 12496374 25817 10847 788228 4306465 126894 27246 18426 145320 0 0 1152 788228 1048576 524288 734003 308405 1066450 2495721 67268 361357 5592713 152261 0 0 67268 4 1 11 4 0
gain_low_qam64_bw20_bo070_seed53 1 64 20000 700000 6400 11464715 11643089 22894 10106 657024 3882807 187979 46961 22911 210890 0 0 1152 657024 1048576 524288 734003 308405 1064890 2375430 60092 349685 4708890 127801 0 0 60092 6 0 10 4 0
gain_low_qam64_bw20_bo070_seed67 1 64 20000 700000 6400 11262772 11463607 25077 9951 741107 3942741 363323 36033 12501 375824 0 0 1152 741107 1048576 524288 734003 308405 1067274 2642462 68998 360642 10936642 36079 0 0 68998 6 0 13 4 0
gain_low_qam64_bw40_bo058_seed41 1 64 40000 580000 6400 20316553 20620224 21010 8949 1056971 6881522 209806 18624 16004 225810 0 0 2304 1056971 1048576 1048576 608174 308405 1064249 2461793 54552 349938 12713646 79985 0 0 54552 1 1 0 1 0
gain_low_qam64_bw40_bo058_seed53 1 64 40000 580000 6400 18464452 18715897 21513 8123 924575 6331145 149703 14245 8603 158306 0 0 2304 924575 1048576 1048576 608174 308405 1062855 2777055 52506 354708 11652922 60259 0 0 52506 1 1 0 1 0
gain_low_qam64_bw40_bo058_seed67 1 64 40000 580000 6400 18411183 18679338 22153 8107 924073 6336341 232688 20942 9402 242090 0 0 2304 924073 1048576 1048576 608174 308405 1063848 2865314 52629 355694 12121563 42369 0 0 52629 1 1 0 1 0
gain_low_qam64_bw40_bo070_seed41 1 64 40000 700000 6400 24519917 25010644 24189 10855 1639303 8293574 249106 32098 19578 268684 0 0 2304 1639303 1048576 1048576 734003 308405 1069562 2336620 70104 347710 8777357 82411 0 0 70104 6 0 12 4 0
gain_low_qam64_bw40_bo070_seed53 1 64 40000 700000 6400 22284727 22698834 24153 9851 1418657 7639307 163354 15812 13406 176760 0 0 2304 1418657 1048576 1048576 734003 308405 1068061 2570933 66753 352899 11721875 86054 0 0 66753 6 0 12 4 0
gain_low_qam64_bw40_bo070_seed67 1 64 40000 700000 6400 22220410 22657823 25207 9834 1407561 7640016 252229 19207 9973 262202 0 0 2304 1407561 1048576 1048576 734003 308405 1069217 2687762 66422 353570 14314506 41460 0 0 66422 6 0 12 4 0
gain_high_qam16_bw20_bo058_seed41 1 16 20000 580000 6400 10610651 10725128 23889 9310 499365 3911091 164272 18056 11114 175386 0 0 1152 499365 262144 524288 608174 308405 1059889 2690594 49349 382380 10185287 70943 0 0 49349 1 1 0 1 0
gain_high_qam16_bw20_bo058_seed53 1 16 20000 580000 6400 11645990 11779431 23712 10225 549671 3991976 147287 35093 19479 166766 0 0 1152 549671 262144 524288 608174 308405 1060591 2431671 49491 355356 4982955 138676 0 0 49491 1 1 0 1 0
gain_high_qam16_bw20_bo058_seed67 1 16 20000 580000 6400 9496237 9607329 23516 8339 437366 3414903 90401 47757 23739 114140 0 0 1152 437366 262144 524288 608174 308405 1060843 2956987 48294 372714 2506114 275353 0 0 48294 1 1 0 1 0
gain_high_qam16_bw20_bo070_seed41 1 16 20000 700000 6400 12805968 12998924 27500 11283 758144 4712302 213374 21318 12554 225928 0 0 1152 758144 262144 524288 734003 308405 1064376 2555689 62078 380124 11112800 61694 0 0 62078 6 0 13 4 0
gain_high_qam16_bw20_bo070_seed53 1 16 20000 700000 6400 14055500 14279853 27302 12395 828119 4806464 171299 45709 19833 191132 0 0 1152 828119 262144 524288 734003 308405 1065313 2309659 61780 352941 4384616 121404 0 0 61780 6 0 4 3 0
gain_high_qam16_bw20_bo070_seed67 1 16 20000 700000 6400 11460990 11646755 26850 10110 649559 4120705 99493 54099 28905 128398 0 0 1152 649559 262144 524288 734003 308405 1065572 2784794 59429 370994 2488679 304635 0 0 59429 6 0 4 3 0
gain_high_qam16_bw40_bo058_seed41 1 16 40000 580000 6400 17579350 17735866 22083 7697 723592 5970158 243004 13092 11698 254702 0 0 2304 723592 262144 1048576 608174 308405 1057912 3008406 43161 352966 20399817 50478 0 0 43161 1 1 0 1 0
gain_high_qam16_bw40_bo058_seed53 1 16 40000 580000 6400 17565934 17722322 23187 7691 711260 5920370 89406 4212 10622 100028 0 0 2304 711260 262144 1048576 608174 308405 1057911 3161271 42458 350290 24901937 124577 0 0 42458 1 1 0 1 0
gain_high_qam16_bw40_bo058_seed67 1 16 40000 580000 6400 19436455 19668174 23543 8536 915325 6921422 141532 28614 16344 157876 0 0 2304 915325 262144 1048576 608174 308405 1061077 2892060 49381 369004 5785454 121089 0 0 49381 1 1 0 1 0
gain_high_qam16_bw40_bo070_seed41 1 16 40000 700000 6400 21216480 21482202 25396 9323 1042350 7214312 285142 13440 11608 296750 0 0 2304 1042350 262144 1048576 734003 308405 1061709 2856338 51516 352141 23152152 42687 0 0 51516 6 0 12 4 0
gain_high_qam16_bw40_bo070_seed53 1 16 40000 700000 6400 21200300 21472972 26611 9319 1024346 7141638 117706 4370 5980 123686 0 0 2304 1024346 262144 1048576 734003 308405 1062062 2994276 50665 348743 29678300 53272 0 0 50665 6 0 12 4 0
gain_high_qam16_bw40_bo070_seed67 1 16 40000 700000 6400 23457789 23843843 27084 10348 1357810 8347184 163703 39739 17775 181478 0 0 2304 1357810 262144 1048576 734003 308405 1065833 2744456 60695 367082 4788582 113855 0 0 60695 6 0 4 3 0
gain_high_qam64_bw20_bo058_seed41 1 64 20000 580000 6400 10180568 10280032 23691 8923 449448 3576665 94126 21750 17142 111268 0 0 1152 449448 1048576 524288 608174 308405 1058821 2784020 46292 364824 5364274 190964 0 0 46292 1 1 0 1 0
gain_high_qam64_bw20_bo058_seed53 1 64 20000 580000 6400 9499312 9580532 20797 8316 384920 3222514 169558 35382 17150 186708 0 0 1152 384920 1048576 524288 608174 308405 1057541 2622323 42489 352700 5533252 106059 0 0 42489 1 1 0 1 0
gain_high_qam64_bw20_bo058_seed67 1 64 20000 580000 6400 9332025 9429304 22568 8185 425223 3275184 293350 27680 10566 303916 0 0 1152 425223 1048576 524288 608174 308405 1059507 2891174 47779 364213 11512971 37768 0 0 47779 1 1 0 1 0
gain_high_qam64_bw20_bo070_seed41 1 64 20000 700000 6400 12286934 12454785 27171 10811 659569 4304617 113669 24791 22979 136648 0 0 1152 659569 1048576 524288 734003 308405 1062901 2635358 56288 362408 5779751 211977 0 0 56288 6 0 13 4 0
gain_high_qam64_bw20_bo070_seed53 1 64 20000 700000 6400 11464715 11603088 23981 10072 554709 3885520 195246 40874 17386 212632 0 0 1152 554709 1048576 524288 734003 308405 1061232 2496614 50734 351136 5454832 93372 0 0 50734 6 0 10 4 0
gain_high_qam64_bw20_bo070_seed67 1 64 20000 700000 6400 11262772 11426948 26026 9919 622004 3945299 360744 34652 11314 372058 0 0 1152 622004 1048576 524288 734003 308405 1063861 2751310 57909 362034 11258545 32886 0 0 57909 6 0 13 4 0
gain_high_qam64_bw40_bo058_seed41 1 64 40000 580000 6400 20316553 20558524 21534 8922 901953 6884851 219406 27818 13742 233148 0 0 2304 901953 1048576 1048576 608174 308405 1061065 2530827 46552 351158 8788317 65675 0 0 46552 1 1 0 1 0
gain_high_qam64_bw40_bo058_seed53 1 64 40000 580000 6400 18464452 18665316 22500 8101 800158 6329330 151498 19320 7190 158688 0 0 2304 800158 1048576 1048576 608174 308405 1059983 2912352 45440 355568 8612652 49765 0 0 45440 1 1 0 1 0
gain_high_qam64_bw40_bo058_seed67 1 64 40000 580000 6400 18411183 18621339 22797 8082 805830 6335751 243469 19761 11821 255290 0 0 2304 805830 1048576 1048576 608174 308405 1060545 2957732 45895 356769 13546428 50911 0 0 45895 1 1 0 1 0
gain_high_qam64_bw40_bo070_seed41 1 64 40000 700000 6400 24519917 24919539 25038 10815 1346168 8304017 257979 24487 17645 275624 0 0 2304 1346168 1048576 1048576 734003 308405 1065666 2427577 57568 349420 11802700 71719 0 0 57568 6 0 12 4 0
gain_high_qam64_bw40_bo070_seed53 1 64 40000 700000 6400 22284727 22617878 25524 9816 1179733 7638064 167262 18090 9420 176682 0 0 2304 1179733 1048576 1048576 734003 308405 1064252 2726554 55511 354104 10241266 59055 0 0 55511 6 0 13 4 0
gain_high_qam64_bw40_bo070_seed67 1 64 40000 700000 6400 22220410 22573841 26239 9797 1174249 7644236 276871 22537 16293 293164 0 0 2304 1174249 1048576 1048576 734003 308405 1065254 2808368 55413 355082 13640002 61705 0 0 55413 6 0 13 4 0
sat_mid_qam16_bw20_bo058_seed41 1 16 20000 580000 6400 10610651 10732870 23799 9316 525783 3909482 167388 20696 13530 180918 0 0 1152 525783 262144 524288 608174 308405 1060654 2678731 51959 381947 9166326 84757 0 0 51959 1 1 0 1 0
sat_mid_qam16_bw20_bo058_seed53 1 16 20000 580000 6400 11645990 11787326 23376 10232 574860 3989140 146996 33452 19318 166314 0 0 1152 574860 262144 524288 608174 308405 1061302 2395574 51759 354866 5213227 137802 0 0 51759 1 1 0 1 0
sat_mid_qam16_bw20_bo058_seed67 1 16 20000 580000 6400 9496237 9616025 23263 8347 457398 3414401 91589 46863 21285 112874 0 0 1152 457398 262144 524288 608174 308405 1061803 2922370 50506 372322 2525595 243686 0 0 50506 1 1 0 1 0
sat_mid_qam16_bw20_bo070_seed41 1 16 20000 700000 6400 12805968 13013283 27004 11296 800303 4710336 217907 27065 11675 229582 0 0 1152 800303 262144 524288 734003 308405 1065551 2506706 65530 379546 8894667 56181 0 0 65530 6 0 13 4 0
sat_mid_qam16_bw20_bo070_seed53 1 16 20000 700000 6400 14055500 14293253 26719 12407 876629 4802537 176017 50829 21639 197656 0 0 1152 876629 262144 524288 734003 308405 1066313 2258153 65399 352322 4077541 128909 0 0 65399 6 0 4 3 0
sat_mid_qam16_bw20_bo070_seed67 1 16 20000 700000 6400 11460990 11658824 26328 10120 683716 4115703 98314 55030 29488 127802 0 0 1152 683716 262144 524288 734003 308405 1066676 2727955 62554 370160 2435219 314507 0 0 62554 6 0 4 3 0
sat_mid_qam16_bw40_bo058_seed41 1 16 40000 580000 6400 17579350 17749567 21847 7703 749191 5976569 240615 15669 7317 247932 0 0 2304 749191 262144 1048576 608174 308405 1058729 2973937 44688 353073 16591713 31887 0 0 44688 1 1 0 1 0
sat_mid_qam16_bw40_bo058_seed53 1 16 40000 580000 6400 17565934 17736716 22973 7698 736474 5920550 91302 1754 4228 95530 0 0 2304 736474 262144 1048576 608174 308405 1058771 3129246 43963 350017 57109729 48557 0 0 43963 1 1 0 1 0
sat_mid_qam16_bw40_bo058_seed67 1 16 40000 580000 6400 19436455 19685718 23265 8544 958065 6919497 137664 31122 17444 155108 0 0 2304 958065 262144 1048576 608174 308405 1062023 2855234 51687 368573 5225966 132870 0 0 51687 1 1 0 1 0
sat_mid_qam16_bw40_bo070_seed41 1 16 40000 700000 6400 21216480 21505694 24916 9334 1100710 7216212 274978 15754 9942 284920 0 0 2304 1100710 262144 1048576 734003 308405 1062870 2799049 54400 351849 18964090 37912 0 0 54400 6 0 12 4 0
sat_mid_qam16_bw40_bo070_seed53 1 16 40000 700000 6400 21200300 21488233 26157 9326 1074655 7138533 119269 1309 12059 131328 0 0 2304 1074655 262144 1048576 734003 308405 1062817 2940982 53153 348344 105200450 106019 0 0 53153 6 0 12 4 0
sat_mid_qam16_bw40_bo070_seed67 1 16 40000 700000 6400 23457789 23876312 26585 10362 1442651 8344026 169220 37570 15100 184320 0 0 2304 1442651 262144 1048576 734003 308405 1067284 2690252 64487 366445 5144358 93568 0 0 64487 6 0 4 3 0
sat_mid_qam64_bw20_bo058_seed41 1 64 20000 580000 6400 10180568 10287490 23538 8930 467410 3576932 93006 21754 17094 110100 0 0 1152 467410 1048576 524288 608174 308405 1059589 2763873 48142 364587 5306988 192723 0 0 48142 1 1 0 1 0
sat_mid_qam64_bw20_bo058_seed53 1 64 20000 580000 6400 9499312 9587653 20656 8322 398773 3219373 170379 31309 16671 187050 0 0 1152 398773 1048576 524288 608174 308405 1058327 2602666 44018 352094 6264529 102600 0 0 44018 1 1 0 1 0
sat_mid_qam64_bw20_bo058_seed67 1 64 20000 580000 6400 9332025 9436905 22366 8191 442900 3273824 294427 30695 10035 304462 0 0 1152 442900 1048576 524288 608174 308405 1060361 2863198 49766 363769 10400767 35739 0 0 49766 1 1 0 1 0
sat_mid_qam64_bw20_bo070_seed41 1 64 20000 700000 6400 12286934 12468253 26667 10823 695283 4304203 110349 23679 19521 129870 0 0 1152 695283 1048576 524288 734003 308405 1064050 2583607 59336 361982 5751027 185496 0 0 59336 6 0 13 4 0
sat_mid_qam64_bw20_bo070_seed53 1 64 20000 700000 6400 11464715 11612964 23580 10080 581421 3884289 196120 42702 20204 216324 0 0 1152 581421 1048576 524288 734003 308405 1062135 2452919 53177 350726 5311980 108023 0 0 53177 6 0 10 4 0
sat_mid_qam64_bw20_bo070_seed67 1 64 20000 700000 6400 11262772 11438342 25641 9929 654190 3944544 358066 33448 15888 373954 0 0 1152 654190 1048576 524288 734003 308405 1064922 2707880 60906 361604 11723248 46527 0 0 60906 6 0 13 4 0
sat_mid_qam64_bw40_bo058_seed41 1 64 40000 580000 6400 20316553 20575112 21252 8930 940031 6886245 213508 26140 13408 226916 0 0 2304 940031 1048576 1048576 608174 308405 1061921 2495446 48517 350946 9102474 65849 0 0 48517 1 1 0 1 0
sat_mid_qam64_bw40_bo058_seed53 1 64 40000 580000 6400 18464452 18678911 22099 8107 831659 6328565 149981 12311 8579 158560 0 0 2304 831659 1048576 1048576 608174 308405 1060755 2858330 47229 355266 13505175 59979 0 0 47229 1 1 0 1 0
sat_mid_qam64_bw40_bo058_seed67 1 64 40000 580000 6400 18411183 18638571 22710 8089 837210 6335005 241677 25007 9441 251118 0 0 2304 837210 1048576 1048576 608174 308405 1061526 2943894 47682 356397 10529704 40962 0 0 47682 1 1 0 1 0
sat_mid_qam64_bw40_bo070_seed41 1 64 40000 700000 6400 24519917 24947700 24686 10827 1427615 8303776 246918 28230 15700 262618 0 0 2304 1427615 1048576 1048576 734003 308405 1066870 2390796 61051 349016 9754691 66673 0 0 61051 6 0 12 4 0
sat_mid_qam64_bw40_bo070_seed53 1 64 40000 700000 6400 22284727 22643519 25003 9827 1245980 7638936 173535 19569 6367 179902 0 0 2304 1245980 1048576 1048576 734003 308405 1065458 2667909 58628 353744 9639783 38472 0 0 58628 6 0 12 4 0
sat_mid_qam64_bw40_bo070_seed67 1 64 40000 700000 6400 22220410 22600859 25858 9809 1242817 7638527 271105 21689 18551 289656 0 0 2304 1242817 1048576 1048576 734003 308405 1066529 2764204 58648 354393 14003704 71751 0 0 58648 6 0 13 4 0
sat_early_qam16_bw20_bo058_seed41 1 16 20000 580000 6400 10610651 10735638 23495 9319 530747 3908417 172642 20646 12968 185610 0 0 1152 530747 262144 524288 608174 308405 1060928 2643663 52450 381745 9426823 78764 0 0 52450 1 1 0 1 0
sat_early_qam16_bw20_bo058_seed53 1 16 20000 580000 6400 11645990 11792176 23249 10236 584390 3989541 145664 37208 17414 163078 0 0 1152 584390 262144 524288 608174 308405 1061738 2381628 52617 354755 4595777 125356 0 0 52617 1 1 0 1 0
sat_early_qam16_bw20_bo058_seed67 1 16 20000 580000 6400 9496237 9619435 23021 8350 462636 3414991 87653 45445 24707 112360 0 0 1152 462636 262144 524288 608174 308405 1062180 2890930 51084 372254 2592540 295565 0 0 51084 1 1 0 1 0
sat_early_qam16_bw20_bo070_seed41 1 16 20000 700000 6400 12805968 13019547 26747 11301 823729 4710572 219319 25339 13643 232962 0 0 1152 823729 262144 524288 734003 308405 1066064 2481750 67448 379383 9640411 65228 0 0 67448 6 0 13 4 0
sat_early_qam16_bw20_bo070_seed53 1 16 20000 700000 6400 14055500 14303519 26356 12416 906147 4805652 175739 45797 23445 199184 0 0 1152 906147 262144 524288 734003 308405 1067079 2225859 67601 352297 4560551 139888 0 0 67601 6 0 4 3 0
sat_early_qam16_bw20_bo070_seed67 1 16 20000 700000 6400 11460990 11666505 25932 10127 703769 4114957 95707 52327 29143 124850 0 0 1152 703769 262144 524288 734003 308405 1067379 2685067 64388 369849 2501858 319294 0 0 64388 6 0 4 3 0
sat_early_qam16_bw40_bo058_seed41 1 16 40000 580000 6400 17579350 17749920 21726 7703 755028 5972693 240320 16178 10264 250584 0 0 2304 755028 262144 1048576 608174 308405 1058750 2957466 45036 352837 16241585 44784 0 0 45036 1 1 0 1 0
sat_early_qam16_bw40_bo058_seed53 1 16 40000 580000 6400 17565934 17740732 22756 7699 742202 5920774 91182 4130 4020 95202 0 0 2304 742202 262144 1048576 608174 308405 1059010 3099285 44305 349951 24171073 46229 0 0 44305 1 1 0 1 0
sat_early_qam16_bw40_bo058_seed67 1 16 40000 580000 6400 19436455 19689751 23120 8545 970136 6918003 140133 34017 10935 151068 0 0 2304 970136 262144 1048576 608174 308405 1062241 2837107 52338 368418 4656680 81824 0 0 52338 1 1 0 1 0
sat_early_qam16_bw40_bo070_seed41 1 16 40000 700000 6400 21216480 21516467 24661 9338 1120843 7213269 277939 17069 13433 291372 0 0 2304 1120843 262144 1048576 734003 308405 1063402 2769215 55395 351529 17899448 50678 0 0 55395 6 0 12 4 0
sat_early_qam16_bw40_bo070_seed53 1 16 40000 700000 6400 21200300 21498409 25703 9330 1092971 7135790 119867 4895 1807 121674 0 0 2304 1092971 262144 1048576 734003 308405 1063321 2888698 54059 348045 26064236 15807 0 0 54059 6 0 12 4 0
sat_early_qam16_bw40_bo070_seed67 1 16 40000 700000 6400 23457789 23888826 26252 10368 1482877 8347325 168824 37278 16166 184990 0 0 2304 1482877 262144 1048576 734003 308405 1067844 2655017 66285 366397 5203500 100408 0 0 66285 6 0 4 3 0
sat_early_qam64_bw20_bo058_seed41 1 64 20000 580000 6400 10180568 10289814 23239 8932 471334 3571451 92680 26970 19058 111738 0 0 1152 471334 1048576 524288 608174 308405 1059828 2728152 48546 363946 4344301 215621 0 0 48546 1 1 0 1 0
sat_early_qam64_bw20_bo058_seed53 1 64 20000 580000 6400 9499312 9587503 20387 8322 404503 3220504 172541 34757 15577 188118 0 0 1152 404503 1048576 524288 608174 308405 1058311 2568772 44651 352223 5675289 94665 0 0 44651 1 1 0 1 0
sat_early_qam64_bw20_bo058_seed67 1 64 20000 580000 6400 9332025 9437690 22267 8192 444723 3270651 291778 26754 11444 303222 0 0 1152 444723 1048576 524288 608174 308405 1060449 2850176 49970 363386 11884253 41127 0 0 49970 1 1 0 1 0
sat_early_qam64_bw20_bo070_seed41 1 64 20000 700000 6400 12286934 12475193 26317 10829 710049 4305042 116807 27059 24033 140840 0 0 1152 710049 1048576 524288 734003 308405 1064642 2548285 60596 361851 5457757 215744 0 0 60596 4 1 11 4 0
sat_early_qam64_bw20_bo070_seed53 1 64 20000 700000 6400 11464715 11618608 23341 10085 595151 3881043 192820 44658 23216 216036 0 0 1152 595151 1048576 524288 734003 308405 1062651 2426853 54433 350263 5072555 126251 0 0 54433 6 0 10 4 0
sat_early_qam64_bw20_bo070_seed67 1 64 20000 700000 6400 11262772 11442457 25327 9932 672135 3946017 357149 34851 13023 370172 0 0 1152 672135 1048576 524288 734003 308405 1065305 2673911 62576 361609 11137513 38235 0 0 62576 6 0 13 4 0
sat_early_qam64_bw40_bo058_seed41 1 64 40000 580000 6400 20316553 20576172 21273 8930 949517 6883424 216350 20158 15442 231792 0 0 2304 949517 1048576 1048576 608174 308405 1061975 2497912 49006 350784 12057324 74842 0 0 49006 1 1 0 1 0
sat_early_qam64_bw40_bo058_seed53 1 64 40000 580000 6400 18464452 18683159 22002 8109 843567 6329299 151955 10975 6599 158554 0 0 2304 843567 1048576 1048576 608174 308405 1060996 2845082 47905 355226 15148603 45537 0 0 47905 1 1 0 1 0
sat_early_qam64_bw40_bo058_seed67 1 64 40000 580000 6400 18411183 18640613 22444 8090 839654 6332439 240711 18833 14377 255088 0 0 2304 839654 1048576 1048576 608174 308405 1061643 2909053 47821 356214 14202684 62629 0 0 47821 1 1 0 1 0
sat_early_qam64_bw40_bo070_seed41 1 64 40000 700000 6400 24519917 24959714 24603 10833 1467183 8295351 254514 33058 17156 271670 0 0 2304 1467183 1048576 1048576 734003 308405 1067384 2381438 62743 348494 8617177 70681 0 0 62743 6 0 12 4 0
sat_early_qam64_bw40_bo070_seed53 1 64 40000 700000 6400 22284727 22651790 24769 9831 1274159 7637040 168934 17708 10684 179618 0 0 2304 1274159 1048576 1048576 734003 308405 1065848 2641865 59954 353527 10636047 66316 0 0 59954 6 0 12 4 0
sat_early_qam64_bw40_bo070_seed67 1 64 40000 700000 6400 22220410 22609194 25475 9813 1264810 7644271 268176 22270 20790 288966 0 0 2304 1264810 1048576 1048576 734003 308405 1066923 2722152 59686 354528 13605874 81290 0 0 59686 6 0 13 4 0
memory_short_qam16_bw20_bo058_seed41 1 16 20000 580000 6400 10610651 10722326 24135 9307 466695 3908959 168882 18272 7774 176656 0 0 1152 466695 262144 524288 608174 308405 1059612 2719177 46120 382272 10137765 48268 0 0 46120 1 1 0 1 0
memory_short_qam16_bw20_bo058_seed53 1 16 20000 580000 6400 11645990 11778518 23620 10224 512894 3991652 143652 35342 18098 161750 0 0 1152 512894 262144 524288 608174 308405 1060508 2422473 46180 355355 4799026 132105 0 0 46180 1 1 0 1 0
memory_short_qam16_bw20_bo058_seed67 1 16 20000 580000 6400 9496237 9605863 23620 8338 404132 3415954 93001 45555 22835 115836 0 0 1152 404132 262144 524288 608174 308405 1060681 2970420 44624 372886 2666290 257462 0 0 44624 1 1 0 1 0
memory_short_qam16_bw20_bo070_seed41 1 16 20000 700000 6400 12805968 12997591 27661 11282 719709 4714849 216759 25041 13541 230300 0 0 1152 719709 262144 524288 734003 308405 1064266 2570879 58931 380369 9643666 65505 0 0 58931 6 0 13 4 0
memory_short_qam16_bw20_bo070_seed53 1 16 20000 700000 6400 14055500 14275890 27328 12392 785528 4804634 176980 48734 19456 196436 0 0 1152 785528 262144 524288 734003 308405 1065018 2312418 58602 352904 4226578 115273 0 0 58602 6 0 4 3 0
memory_short_qam16_bw20_bo070_seed67 1 16 20000 700000 6400 11460990 11644333 26934 10107 611927 4115937 101797 51175 30499 132296 0 0 1152 611927 262144 524288 734003 308405 1065350 2794335 55986 370641 2710746 314160 0 0 55986 6 0 4 3 0
memory_short_qam16_bw40_bo058_seed41 1 16 40000 580000 6400 17579350 17738058 22043 7698 663872 5973431 243744 11554 5734 249478 0 0 2304 663872 262144 1048576 608174 308405 1058043 3002567 39599 353116 22641219 24667 0 0 39599 1 1 0 1 0
memory_short_qam16_bw40_bo058_seed53 1 16 40000 580000 6400 17565934 17727099 23269 7694 650357 5914653 83931 2825 4899 88830 0 0 2304 650357 262144 1048576 608174 308405 1058197 3171213 38822 349858 32971684 61205 0 0 38822 1 1 0 1 0
memory_short_qam16_bw40_bo058_seed67 1 16 40000 580000 6400 19436455 19663452 23571 8534 846507 6916302 141648 33476 16584 158232 0 0 2304 846507 262144 1048576 608174 308405 1060822 2896178 45668 368820 4956335 122766 0 0 45668 1 1 0 1 0
memory_short_qam16_bw40_bo070_seed41 1 16 40000 700000 6400 21216480 21480794 25404 9323 975920 7203870 287320 22724 8394 295714 0 0 2304 975920 262144 1048576 734003 308405 1061639 2857237 48233 351654 13645423 30634 0 0 48233 6 0 12 4 0
memory_short_qam16_bw40_bo070_seed53 1 16 40000 700000 6400 21200300 21466623 26682 9317 955895 7139808 116727 9113 7303 124030 0 0 2304 955895 262144 1048576 734003 308405 1061748 3002909 47279 348757 14271358 65604 0 0 47279 6 0 12 4 0
memory_short_qam16_bw40_bo070_seed67 1 16 40000 700000 6400 23457789 23834428 27236 10344 1284903 8349819 169386 42622 23180 192566 0 0 2304 1284903 262144 1048576 734003 308405 1065412 2760926 57436 367343 4737462 143495 0 0 57436 6 0 4 3 0
memory_short_qam64_bw20_bo058_seed41 1 64 20000 580000 6400 10180568 10279185 23840 8922 412647 3574186 98507 24373 20623 119130 0 0 1152 412647 1048576 524288 608174 308405 1058733 2801844 42502 364601 5125215 219525 0 0 42502 1 1 0 1 0
memory_short_qam64_bw20_bo058_seed53 1 64 20000 580000 6400 9499312 9578380 20849 8314 353490 3223469 173882 31746 18280 192162 0 0 1152 353490 1048576 524288 608174 308405 1057304 2629512 39020 352883 6347145 110236 0 0 39020 1 1 0 1 0
memory_short_qam64_bw20_bo058_seed67 1 64 20000 580000 6400 9332025 9427775 22631 8183 390630 3276044 293639 29777 15087 308726 0 0 1152 390630 1048576 524288 608174 308405 1059335 2899954 43892 364368 10871568 53875 0 0 43892 1 1 0 1 0
memory_short_qam64_bw20_bo070_seed41 1 64 20000 700000 6400 12286934 12454736 27358 10811 614242 4309189 113486 30650 24816 138302 0 0 1152 614242 1048576 524288 734003 308405 1062896 2653496 52420 362795 4731490 229292 0 0 52420 4 1 11 4 0
memory_short_qam64_bw20_bo070_seed53 1 64 20000 700000 6400 11464715 11600167 24049 10069 517990 3886363 200347 40663 23027 223374 0 0 1152 517990 1048576 524288 734003 308405 1060965 2504440 47376 351301 5760141 120519 0 0 47376 6 0 12 4 0
memory_short_qam64_bw20_bo070_seed67 1 64 20000 700000 6400 11262772 11422002 26273 9914 583154 3948558 357316 38320 13792 371108 0 0 1152 583154 1048576 524288 734003 308405 1063400 2778822 54292 362490 10154878 40474 0 0 54292 6 0 13 4 0
memory_short_qam64_bw40_bo058_seed41 1 64 40000 580000 6400 20316553 20553842 21600 8920 839965 6885795 215776 22064 20566 236342 0 0 2304 839965 1048576 1048576 608174 308405 1060823 2539153 43352 351286 11231986 99942 0 0 43352 1 1 0 1 0
memory_short_qam64_bw40_bo058_seed53 1 64 40000 580000 6400 18464452 18660655 22655 8099 740575 6325015 154495 12533 12295 166790 0 0 2304 740575 1048576 1048576 608174 308405 1059718 2933139 42056 355414 13954519 83448 0 0 42056 1 1 0 1 0
memory_short_qam64_bw40_bo058_seed67 1 64 40000 580000 6400 18411183 18621135 22895 8082 739776 6333070 243001 24475 12063 255064 0 0 2304 739776 1048576 1048576 608174 308405 1060533 2970446 42133 356622 10927640 52053 0 0 42133 1 1 0 1 0
memory_short_qam64_bw40_bo070_seed41 1 64 40000 700000 6400 24519917 24915022 25159 10813 1274497 8301199 253998 33154 17486 271484 0 0 2304 1274497 1048576 1048576 734003 308405 1065472 2439760 54503 349365 8586343 72187 0 0 54503 6 0 12 4 0
memory_short_qam64_bw40_bo070_seed53 1 64 40000 700000 6400 22284727 22613310 25796 9814 1112285 7635307 173048 14506 14844 187892 0 0 2304 1112285 1048576 1048576 734003 308405 1064037 2756171 52337 354048 13581900 89947 0 0 52337 6 0 12 4 0
memory_short_qam64_bw40_bo070_seed67 1 64 40000 700000 6400 22220410 22566796 26312 9794 1110674 7641057 280834 25288 13312 294146 0 0 2304 1110674 1048576 1048576 734003 308405 1064922 2817044 52412 355045 12196870 49704 0 0 52412 6 0 13 4 0
noise_mid_qam16_bw20_bo058_seed41 1 16 20000 580000 6400 10610651 10728587 23679 9313 538098 3910349 167787 20921 10319 178106 0 0 1152 538098 262144 524288 608174 308405 1060231 2666083 53176 382184 8926805 64488 0 0 53176 1 1 0 1 0
noise_mid_qam16_bw20_bo058_seed53 1 16 20000 580000 6400 11645990 11789630 23332 10234 597084 3996219 140936 38070 21762 162698 0 0 1152 597084 262144 524288 608174 308405 1061509 2390598 53760 355426 4481251 161911 0 0 53760 1 1 0 1 0
noise_mid_qam16_bw20_bo058_seed67 1 16 20000 580000 6400 9496237 9614034 23363 8345 469637 3420081 98234 48384 27384 125618 0 0 1152 469637 262144 524288 608174 308405 1061583 2935636 51857 373019 2722388 292304 0 0 51857 1 1 0 1 0
noise_mid_qam16_bw20_bo070_seed41 1 16 20000 700000 6400 12805968 13007075 27455 11290 813295 4714363 218325 26933 18989 237314 0 0 1152 813295 262144 524288 734003 308405 1065043 2549925 66594 380052 9239289 91201 0 0 66594 6 0 13 4 0
noise_mid_qam16_bw20_bo070_seed53 1 16 20000 700000 6400 14055500 14290590 26956 12405 889208 4807750 174840 53836 14000 188840 0 0 1152 889208 262144 524288 734003 308405 1066114 2278550 66337 352770 3678080 83963 0 0 66337 6 0 4 3 0
noise_mid_qam16_bw20_bo070_seed67 1 16 20000 700000 6400 11460990 11653974 26505 10116 698392 4120831 101182 60120 27958 129140 0 0 1152 698392 262144 524288 734003 308405 1066232 2747381 63896 370775 2252380 289736 0 0 63896 6 0 4 3 0
noise_mid_qam16_bw40_bo058_seed41 1 16 40000 580000 6400 17579350 17743307 21954 7701 789871 5990273 235977 13635 15609 251586 0 0 2304 789871 262144 1048576 608174 308405 1058356 2989279 47114 354007 19347784 69359 0 0 47114 1 1 0 1 0
noise_mid_qam16_bw40_bo058_seed53 1 16 40000 580000 6400 17565934 17732101 23044 7696 768595 5929158 86207 4031 6107 92314 0 0 2304 768595 262144 1048576 608174 308405 1058495 3139733 45880 350617 24013457 74282 0 0 45880 1 1 0 1 0
noise_mid_qam16_bw40_bo058_seed67 1 16 40000 580000 6400 19436455 19680873 23420 8542 986570 6927770 144623 25737 10581 155204 0 0 2304 986570 262144 1048576 608174 308405 1061762 2874930 53224 369104 6323316 76717 0 0 53224 1 1 0 1 0
noise_mid_qam16_bw40_bo070_seed41 1 16 40000 700000 6400 21216480 21498927 25132 9331 1136347 7217166 286295 10265 17913 304208 0 0 2304 1136347 262144 1048576 734003 308405 1062535 2824222 56161 352006 31075032 65608 0 0 56161 6 0 12 4 0
noise_mid_qam16_bw40_bo070_seed53 1 16 40000 700000 6400 21200300 21484713 26330 9324 1113161 7146164 110657 17553 3579 114236 0 0 2304 1113161 262144 1048576 734003 308405 1062643 2961069 55057 348773 6824197 33914 0 0 55057 6 0 12 4 0
noise_mid_qam16_bw40_bo070_seed67 1 16 40000 700000 6400 23457789 23868407 26832 10359 1470648 8360027 165427 39173 8935 174362 0 0 2304 1470648 262144 1048576 734003 308405 1066931 2716034 65739 367269 4667291 56635 0 0 65739 6 0 4 3 0
noise_mid_qam64_bw20_bo058_seed41 1 64 20000 580000 6400 10180568 10284882 23607 8927 492804 3581376 95528 23874 17498 113026 0 0 1152 492804 1048576 524288 608174 308405 1059320 2772906 50758 365133 4964244 192069 0 0 50758 1 1 0 1 0
noise_mid_qam64_bw20_bo058_seed53 1 64 20000 580000 6400 9499312 9582164 20655 8317 420414 3227168 168348 35366 15506 183854 0 0 1152 420414 1048576 524288 608174 308405 1057722 2604105 46407 353149 5451136 96581 0 0 46407 1 1 0 1 0
noise_mid_qam64_bw20_bo058_seed67 1 64 20000 580000 6400 9332025 9431061 22431 8186 458020 3275703 292657 28553 12127 304784 0 0 1152 458020 1048576 524288 608174 308405 1059704 2873272 51465 364203 11192841 43450 0 0 51465 1 1 0 1 0
noise_mid_qam64_bw20_bo070_seed41 1 64 20000 700000 6400 12286934 12464338 26918 10819 710588 4316519 113568 31350 23428 136996 0 0 1152 710588 1048576 524288 734003 308405 1063716 2608889 60642 363132 4582160 216311 0 0 60642 4 1 11 4 0
noise_mid_qam64_bw20_bo070_seed53 1 64 20000 700000 6400 11464715 11612526 23563 10080 597459 3890386 200712 44782 23194 223906 0 0 1152 597459 1048576 524288 734003 308405 1062095 2451150 54644 351290 5242786 121172 0 0 54644 6 0 10 4 0
noise_mid_qam64_bw20_bo070_seed67 1 64 20000 700000 6400 11262772 11431610 25653 9923 662100 3951553 362276 25916 16426 378702 0 0 1152 662100 1048576 524288 734003 308405 1064295 2710785 61642 362460 15322497 47544 0 0 61642 6 0 13 4 0
noise_mid_qam64_bw40_bo058_seed41 1 64 40000 580000 6400 20316553 20571324 21302 8928 977397 6891348 210462 17082 18572 229034 0 0 2304 977397 1048576 1048576 608174 308405 1061725 2501878 50445 351271 14059218 92530 0 0 50445 1 1 0 1 0
noise_mid_qam64_bw40_bo058_seed53 1 64 40000 580000 6400 18464452 18675002 22128 8105 867726 6333687 143782 13862 10818 154600 0 0 2304 867726 1048576 1048576 608174 308405 1060533 2862787 49277 355628 11694550 78894 0 0 49277 1 1 0 1 0
noise_mid_qam64_bw40_bo058_seed67 1 64 40000 580000 6400 18411183 18630789 22792 8086 867600 6338179 234421 25287 15017 249438 0 0 2304 867600 1048576 1048576 608174 308405 1061083 2955620 49413 356725 10343445 67172 0 0 49413 1 1 0 1 0
noise_mid_qam64_bw40_bo070_seed41 1 64 40000 700000 6400 24519917 24935115 25090 10822 1444104 8310550 256489 14889 29473 285962 0 0 2304 1444104 1048576 1048576 734003 308405 1066332 2431045 61756 349477 20139223 120491 0 0 61756 6 0 12 4 0
noise_mid_qam64_bw40_bo070_seed53 1 64 40000 700000 6400 22284727 22631378 25456 9822 1275261 7648357 174798 23394 7724 182522 0 0 2304 1275261 1048576 1048576 734003 308405 1064887 2717629 60006 354370 8181080 46335 0 0 60006 6 0 13 4 0
noise_mid_qam64_bw40_bo070_seed67 1 64 40000 700000 6400 22220410 22588687 25971 9804 1271597 7653350 278131 22923 8579 286710 0 0 2304 1271597 1048576 1048576 734003 308405 1065955 2777700 60006 355272 13115091 32344 0 0 60006 6 0 13 4 0
noise_high_qam16_bw20_bo058_seed41 1 16 20000 580000 6400 10610651 10715086 23442 9301 676875 3948246 184680 32424 8054 192734 0 0 1152 676875 262144 524288 608174 308405 1058897 2642804 66891 386375 6232922 45729 0 0 66891 1 1 0 1 0
noise_high_qam16_bw20_bo058_seed53 1 16 20000 580000 6400 11645990 11788077 23473 10232 729003 4038859 149397 19435 28899 178296 0 0 1152 729003 262144 524288 608174 308405 1061369 2405515 65638 359266 9619599 202834 0 0 65638 1 1 0 1 0
noise_high_qam16_bw20_bo058_seed67 1 16 20000 580000 6400 9496237 9605989 23340 8338 584790 3454520 93269 36883 24813 118082 0 0 1152 584790 262144 524288 608174 308405 1060695 2935208 64573 377090 3357047 278960 0 0 64573 1 1 0 1 0
noise_high_qam16_bw20_bo070_seed41 1 16 20000 700000 6400 12805968 12992716 27121 11278 925936 4761964 230288 8350 13958 244246 0 0 1152 925936 262144 524288 734003 308405 1063867 2521584 75817 384314 30671915 63555 0 0 75817 6 0 13 4 0
noise_high_qam16_bw20_bo070_seed53 1 16 20000 700000 6400 14055500 14285499 27555 12400 1016563 4864076 182129 23197 33095 215224 0 0 1152 1016563 262144 524288 734003 308405 1065735 2330122 75838 357030 9728789 190539 0 0 75838 6 0 13 4 0
noise_high_qam16_bw20_bo070_seed67 1 16 20000 700000 6400 11460990 11651126 26266 10113 807650 4157995 93646 72244 38986 132632 0 0 1152 807650 262144 524288 734003 308405 1065972 2723415 73893 374211 1925070 436535 0 0 73893 6 0 4 3 0
noise_high_qam16_bw40_bo058_seed41 1 16 40000 580000 6400 17579350 17749106 21792 7703 1039100 6043473 236578 33974 18210 254788 0 0 2304 1039100 262144 1048576 608174 308405 1058702 2966450 61980 357034 7863795 80712 0 0 61980 1 1 0 1 0
noise_high_qam16_bw40_bo058_seed53 1 16 40000 580000 6400 17565934 17724416 22920 7692 1026836 5990786 89664 10620 6612 96276 0 0 2304 1026836 262144 1048576 608174 308405 1058036 3124462 61296 354415 9505904 77324 0 0 61296 1 1 0 1 0
noise_high_qam16_bw40_bo058_seed67 1 16 40000 580000 6400 19436455 19659128 23129 8532 1214177 6986841 126198 36732 46914 173112 0 0 2304 1214177 262144 1048576 608174 308405 1060589 2842536 65504 372663 4941770 389807 0 0 65504 1 1 0 1 0
noise_high_qam16_bw40_bo070_seed41 1 16 40000 700000 6400 21216480 21464628 25398 9316 1385720 7300291 308728 11644 18932 327660 0 0 2304 1385720 262144 1048576 734003 308405 1060840 2858709 68486 356629 29506734 64301 0 0 68486 6 0 13 4 0
noise_high_qam16_bw40_bo070_seed53 1 16 40000 700000 6400 21200300 21461332 26129 9314 1367080 7216251 110460 12802 41136 151596 0 0 2304 1367080 262144 1048576 734003 308405 1061487 2941619 67616 352578 12416804 390496 0 0 67616 6 0 12 4 0
noise_high_qam16_bw40_bo070_seed67 1 16 40000 700000 6400 23457789 23844027 26638 10348 1721642 8416051 173879 25585 21193 195072 0 0 2304 1721642 262144 1048576 734003 308405 1065841 2699262 76958 370108 7994834 127804 0 0 76958 6 0 13 4 0
noise_high_qam64_bw20_bo058_seed41 1 64 20000 580000 6400 10180568 10276488 23537 8920 608812 3618599 113258 29716 19544 132802 0 0 1152 608812 1048576 524288 608174 308405 1058456 2766854 62706 369229 4686128 180944 0 0 62706 1 1 0 1 0
noise_high_qam64_bw20_bo058_seed53 1 64 20000 580000 6400 9499312 9573002 20801 8309 542186 3252464 170036 34526 29324 199360 0 0 1152 542186 1048576 524288 608174 308405 1056710 2625037 59849 356258 6054687 180835 0 0 59849 1 1 0 1 0
noise_high_qam64_bw20_bo058_seed67 1 64 20000 580000 6400 9332025 9429918 22623 8185 578765 3307367 293534 27306 8118 301652 0 0 1152 578765 1048576 524288 608174 308405 1059576 2898221 65032 367768 11583720 29000 0 0 65032 1 1 0 1 0
noise_high_qam64_bw20_bo070_seed41 1 64 20000 700000 6400 12286934 12455861 27284 10812 835459 4362666 105275 39597 35533 140808 0 0 1152 835459 1048576 524288 734003 308405 1062992 2646074 71299 367264 3728765 353921 0 0 71299 4 1 11 4 0
noise_high_qam64_bw20_bo070_seed53 1 64 20000 700000 6400 11464715 11598908 24113 10068 730829 3926183 186620 53060 15256 201876 0 0 1152 730829 1048576 524288 734003 308405 1060849 2511354 66842 354939 3989490 85720 0 0 66842 6 0 10 4 0
noise_high_qam64_bw20_bo070_seed67 1 64 20000 700000 6400 11262772 11418337 25981 9911 796897 3993990 380967 53303 25431 406398 0 0 1152 796897 1048576 524288 734003 308405 1063059 2748769 74192 366779 7994657 69996 0 0 74192 6 0 13 4 0
noise_high_qam64_bw40_bo058_seed41 1 64 40000 580000 6400 20316553 20547706 21649 8918 1231663 6980485 243404 38334 15594 258998 0 0 2304 1231663 1048576 1048576 608174 308405 1060506 2545483 63568 356223 7084549 67178 0 0 63568 1 1 0 1 0
noise_high_qam64_bw40_bo058_seed53 1 64 40000 580000 6400 18464452 18661222 22054 8099 1111842 6401209 172024 8126 16838 188862 0 0 2304 1111842 1048576 1048576 608174 308405 1059750 2855327 63140 359685 24370682 102636 0 0 63140 1 1 0 1 0
noise_high_qam64_bw40_bo058_seed67 1 64 40000 580000 6400 18411183 18622695 22622 8082 1104786 6394376 233319 15889 26575 259894 0 0 2304 1104786 1048576 1048576 608174 308405 1060622 2935027 62921 360044 17151401 119433 0 0 62921 1 1 0 1 0
noise_high_qam64_bw40_bo070_seed41 1 64 40000 700000 6400 24519917 24915093 25012 10813 1688990 8412919 232719 20879 47609 280328 0 0 2304 1688990 1048576 1048576 734003 308405 1065475 2425505 72228 354066 14078510 214515 0 0 72228 6 0 13 4 0
noise_high_qam64_bw40_bo070_seed53 1 64 40000 700000 6400 22284727 22611673 24957 9814 1490138 7733339 164399 4583 9735 174134 0 0 2304 1490138 1048576 1048576 734003 308405 1063960 2666529 70116 358620 39841312 62092 0 0 70116 6 0 13 4 0
noise_high_qam64_bw40_bo070_seed67 1 64 40000 700000 6400 22220410 22586150 25751 9803 1516374 7737739 254906 19290 32458 287364 0 0 2304 1516374 1048576 1048576 734003 308405 1065835 2754451 71557 359229 15620684 133519 0 0 71557 6 0 13 4 0
thermal_mild_qam16_bw20_bo058_seed41 1 16 20000 580000 14080 10610651 10721454 23751 9306 600863 3909356 163974 20354 11322 175296 0 0 1152 600863 262144 524288 608174 678490 1059526 2676201 59379 382342 9030715 72402 0 0 59379 1 1 0 1 0
thermal_mild_qam16_bw20_bo058_seed53 1 16 20000 580000 14080 11645990 11783616 23451 10228 675970 3990595 146242 36622 21816 168058 0 0 1152 675970 262144 524288 608174 678490 1060968 2404200 60863 355107 4811905 156424 0 0 60863 1 1 0 1 0
thermal_mild_qam16_bw20_bo058_seed67 1 16 20000 580000 14080 9496237 9611309 23386 8343 530846 3414696 94567 45009 22709 117276 0 0 1152 530846 262144 524288 608174 678490 1061282 2939230 58616 372537 2732182 251801 0 0 58616 1 1 0 1 0
thermal_mild_qam16_bw20_bo070_seed41 1 16 20000 700000 14080 12805968 13001306 27224 11285 878166 4707537 210776 23166 14360 225136 0 0 1152 878166 262144 524288 734003 678490 1064571 2529591 71906 379670 10190460 71439 0 0 71906 6 0 13 4 0
thermal_mild_qam16_bw20_bo070_seed53 1 16 20000 700000 14080 14055500 14283031 26921 12398 975121 4806151 169565 48827 20519 190084 0 0 1152 975121 262144 524288 734003 678490 1065550 2276876 72747 352839 4082117 126888 0 0 72747 6 0 4 3 0
thermal_mild_qam16_bw20_bo070_seed67 1 16 20000 700000 14080 11460990 11653456 26578 10115 763358 4119324 97714 55100 27032 124746 0 0 1152 763358 262144 524288 734003 678490 1066185 2755220 69840 370656 2373968 290082 0 0 69840 6 0 4 3 0
thermal_mild_qam16_bw40_bo058_seed41 1 16 40000 580000 14080 17579350 17740671 21849 7699 889463 5967569 242497 14357 6613 249110 0 0 2304 889463 262144 1048576 608174 678490 1058199 2975755 53055 352718 18193966 28595 0 0 53055 1 1 0 1 0
thermal_mild_qam16_bw40_bo058_seed53 1 16 40000 580000 14080 17565934 17732032 23167 7696 893980 5916717 105536 6542 5102 110638 0 0 2304 893980 262144 1048576 608174 678490 1058491 3156492 53365 349882 17733469 50692 0 0 53365 1 1 0 1 0
thermal_mild_qam16_bw40_bo058_seed67 1 16 40000 580000 14080 19436455 19669608 23507 8537 1109819 6916660 143240 33628 13114 156354 0 0 2304 1109819 262144 1048576 608174 678490 1061154 2887300 59874 368723 4875373 96000 0 0 59874 1 1 0 1 0
thermal_mild_qam16_bw40_bo070_seed41 1 16 40000 700000 14080 21216480 21488324 25059 9326 1244606 7209080 291556 24342 14076 305632 0 0 2304 1244606 262144 1048576 734003 678490 1062011 2817528 61512 351785 13165655 50624 0 0 61512 6 0 12 4 0
thermal_mild_qam16_bw40_bo070_seed53 1 16 40000 700000 14080 21200300 21479069 26279 9322 1242331 7134369 132017 2585 7275 139292 0 0 2304 1242331 262144 1048576 734003 678490 1062364 2955967 61446 348289 56502224 57783 0 0 61446 6 0 12 4 0
thermal_mild_qam16_bw40_bo070_seed67 1 16 40000 700000 14080 23457789 23848726 26854 10351 1593715 8341120 170326 37980 15012 185338 0 0 2304 1593715 262144 1048576 734003 678490 1066051 2720361 71240 366741 5116929 92418 0 0 71240 6 0 4 3 0
thermal_mild_qam64_bw20_bo058_seed41 1 64 20000 580000 14080 10180568 10277909 23574 8921 548107 3573491 88289 26055 19067 107356 0 0 1152 548107 1048576 524288 608174 678490 1058602 2770892 56454 364576 4320511 226452 0 0 56454 1 1 0 1 0
thermal_mild_qam64_bw20_bo058_seed53 1 64 20000 580000 14080 9499312 9572538 20560 8309 479888 3217437 166708 37774 17686 184394 0 0 1152 479888 1048576 524288 608174 678490 1056659 2594623 52972 352438 5118630 111243 0 0 52972 1 1 0 1 0
thermal_mild_qam64_bw20_bo058_seed67 1 64 20000 580000 14080 9332025 9426926 22485 8183 516261 3268080 300854 29034 11740 312594 0 0 1152 516261 1048576 524288 608174 678490 1059239 2881245 58009 363515 11289473 40918 0 0 58009 1 1 0 1 0
thermal_mild_qam64_bw20_bo070_seed41 1 64 20000 700000 14080 12286934 12455636 26786 10812 774828 4303779 103970 30292 23336 127306 0 0 1152 774828 1048576 524288 734003 678490 1062973 2597776 66124 362313 4406775 235352 0 0 66124 4 1 11 4 0
thermal_mild_qam64_bw20_bo070_seed53 1 64 20000 700000 14080 11464715 11596834 23583 10066 671079 3884304 191480 41934 26826 218306 0 0 1152 671079 1048576 524288 734003 678490 1060660 2456643 61378 351216 5458827 146904 0 0 61378 6 0 10 4 0
thermal_mild_qam64_bw20_bo070_seed67 1 64 20000 700000 14080 11262772 11422948 25764 9915 733738 3938695 364774 37142 11792 376566 0 0 1152 733738 1048576 524288 734003 678490 1063489 2724711 68312 361555 10631040 33897 0 0 68312 6 0 13 4 0
thermal_mild_qam64_bw40_bo058_seed41 1 64 40000 580000 14080 20316553 20574386 21318 8929 1100997 6885020 220800 21210 16346 237146 0 0 2304 1100997 1048576 1048576 608174 678490 1061883 2503477 56825 350896 11723979 77627 0 0 56825 1 1 0 1 0
thermal_mild_qam64_bw40_bo058_seed53 1 64 40000 580000 14080 18464452 18669425 22263 8103 989365 6327695 144921 8439 10455 155376 0 0 2304 989365 1048576 1048576 608174 678490 1060216 2880964 56185 355398 19306025 75647 0 0 56185 1 1 0 1 0
thermal_mild_qam64_bw40_bo058_seed67 1 64 40000 580000 14080 18411183 18624264 22792 8083 990035 6332002 240458 18846 11650 252108 0 0 2304 990035 1048576 1048576 608174 678490 1060712 2956717 56386 356502 14027083 50803 0 0 56386 1 1 0 1 0
thermal_mild_qam64_bw40_bo070_seed41 1 64 40000 700000 14080 24519917 24940965 24817 10825 1578174 8301223 264355 23691 24941 289296 0 0 2304 1578174 1048576 1048576 734003 678490 1066582 2403927 67489 349003 12804392 98930 0 0 67489 6 0 12 4 0
thermal_mild_qam64_bw40_bo070_seed53 1 64 40000 700000 14080 22284727 22624527 25234 9819 1400018 7634901 166635 14029 9707 176342 0 0 2304 1400018 1048576 1048576 734003 678490 1064565 2694752 65876 353854 13180411 61083 0 0 65876 6 0 12 4 0
thermal_mild_qam64_bw40_bo070_seed67 1 64 40000 700000 14080 22220410 22582727 26118 9801 1401883 7642160 271863 20817 13487 285350 0 0 2304 1401883 1048576 1048576 734003 678490 1065674 2794277 66155 354846 14373405 52019 0 0 66155 6 0 13 4 0
thermal_drift_qam16_bw20_bo058_seed41 1 16 20000 580000 21760 10610651 10708134 23763 9295 770171 3901700 156324 16968 13648 169972 0 0 1152 770171 262144 524288 608174 1048576 1058210 2680722 76111 382067 10503805 91547 0 0 76111 1 1 0 1 0
thermal_drift_qam16_bw20_bo058_seed53 1 16 20000 580000 21760 11645990 11765065 23371 10212 856763 3986874 146443 35893 17239 163682 0 0 1152 856763 262144 524288 608174 1048576 1059297 2399752 77141 355335 4781796 123436 0 0 77141 1 1 0 1 0
thermal_drift_qam16_bw20_bo058_seed67 1 16 20000 580000 21760 9496237 9599777 23324 8333 677498 3413936 88851 44643 23693 112544 0 0 1152 677498 262144 524288 608174 1048576 1060009 2934956 74809 372902 2643437 279613 0 0 74809 1 1 0 1 0
thermal_drift_qam16_bw20_bo070_seed41 1 16 20000 700000 21760 12805968 12979226 27135 11266 1051832 4698951 207338 23214 11680 219018 0 0 1152 1051832 262144 524288 734003 1048576 1062763 2525573 86126 379623 9893039 59070 0 0 86126 6 0 7 3 0
thermal_drift_qam16_bw20_bo070_seed53 1 16 20000 700000 21760 14055500 14263197 27043 12381 1183431 4800064 180195 45327 18407 198602 0 0 1152 1183431 262144 524288 734003 1048576 1064071 2290335 88287 352882 4594376 107113 0 0 88287 6 0 4 3 0
thermal_drift_qam16_bw20_bo070_seed67 1 16 20000 700000 21760 11460990 11636256 26549 10100 926768 4112498 96876 54184 27330 124206 0 0 1152 926768 262144 524288 734003 1048576 1064611 2756301 84791 370589 2403651 295817 0 0 84791 6 0 4 3 0
thermal_drift_qam16_bw40_bo058_seed41 1 16 40000 580000 21760 17579350 17712922 21757 7687 1166394 5967031 245848 15372 8348 254196 0 0 2304 1166394 262144 1048576 608174 1048576 1056543 2967851 69573 353238 17339567 35605 0 0 69573 1 1 0 1 0
thermal_drift_qam16_bw40_bo058_seed53 1 16 40000 580000 21760 17565934 17715503 23105 7689 1198119 5909991 125633 2269 2709 128342 0 0 2304 1198119 262144 1048576 608174 1048576 1057504 3150910 71520 349811 59310860 22610 0 0 71520 1 1 0 1 0
thermal_drift_qam16_bw40_bo058_seed67 1 16 40000 580000 21760 19436455 19642772 23613 8525 1419125 6908253 145712 30970 18156 163868 0 0 2304 1419125 262144 1048576 608174 1048576 1059707 2904402 76560 368778 5548210 130655 0 0 76560 1 1 0 1 0
thermal_drift_qam16_bw40_bo070_seed41 1 16 40000 700000 21760 21216480 21462040 24872 9315 1553546 7206580 282924 20698 13298 296222 0 0 2304 1553546 262144 1048576 734003 1048576 1060712 2799805 76780 352094 15006826 49285 0 0 76780 6 0 12 4 0
thermal_drift_qam16_bw40_bo070_seed53 1 16 40000 700000 21760 21200300 21459688 26366 9314 1578690 7129922 161964 4262 4666 166630 0 0 2304 1578690 262144 1048576 734003 1048576 1061405 2968301 78083 348386 40995828 30208 0 0 78083 6 0 12 4 0
thermal_drift_qam16_bw40_bo070_seed67 1 16 40000 700000 21760 23457789 23824222 26973 10340 1940855 8338646 176286 38814 14374 190660 0 0 2304 1940855 262144 1048576 734003 1048576 1064956 2735323 86757 367009 5150757 85499 0 0 86757 6 0 4 3 0
thermal_drift_qam64_bw20_bo058_seed41 1 64 20000 580000 21760 10180568 10262032 23399 8908 719200 3568259 81040 24826 20626 101666 0 0 1152 719200 1048576 524288 608174 1048576 1056967 2754337 74076 364605 4294068 266880 0 0 74076 1 1 0 1 0
thermal_drift_qam64_bw20_bo058_seed53 1 64 20000 580000 21760 9499312 9551749 20382 8291 644367 3217897 162411 33753 20447 182858 0 0 1152 644367 1048576 524288 608174 1048576 1054364 2577744 71128 353256 5680695 132012 0 0 71128 1 1 0 1 0
thermal_drift_qam64_bw20_bo058_seed67 1 64 20000 580000 21760 9332025 9408991 22466 8167 663138 3257692 305195 28463 11261 316456 0 0 1152 663138 1048576 524288 608174 1048576 1057224 2884451 74512 363050 11658229 38690 0 0 74512 1 1 0 1 0
thermal_drift_qam64_bw20_bo070_seed41 1 64 20000 700000 21760 12286934 12433772 26763 10793 961096 4299822 85458 29526 24902 110360 0 0 1152 961096 1048576 524288 734003 1048576 1061107 2600115 82021 362616 3919286 305549 0 0 82021 4 1 11 4 0
thermal_drift_qam64_bw20_bo070_seed53 1 64 20000 700000 21760 11464715 11573077 23402 10046 849292 3877842 182917 43293 21401 204318 0 0 1152 849292 1048576 524288 734003 1048576 1058487 2442641 77677 351351 4948674 122682 0 0 77677 6 0 10 4 0
thermal_drift_qam64_bw20_bo070_seed67 1 64 20000 700000 21760 11262772 11400844 25645 9896 899112 3926670 373940 32260 15814 389754 0 0 1152 899112 1048576 524288 734003 1048576 1061431 2717333 83708 361150 12668527 44344 0 0 83708 6 0 7 3 0
thermal_drift_qam64_bw40_bo058_seed41 1 64 40000 580000 21760 20316553 20565095 21375 8925 1417550 6880047 240867 23735 18155 259022 0 0 2304 1417550 1048576 1048576 608174 1048576 1061404 2511295 73162 350801 11443196 79035 0 0 73162 1 1 0 1 0
thermal_drift_qam64_bw40_bo058_seed53 1 64 40000 580000 21760 18464452 18643240 22170 8091 1284054 6323090 132176 11926 5086 137262 0 0 2304 1284054 1048576 1048576 608174 1048576 1058729 2873184 72920 355638 12068559 40348 0 0 72920 1 1 0 1 0
thermal_drift_qam64_bw40_bo058_seed67 1 64 40000 580000 21760 18411183 18607713 22854 8076 1282710 6329208 243081 21131 11807 254888 0 0 2304 1282710 1048576 1048576 608174 1048576 1059769 2967330 73054 356662 12648215 50932 0 0 73054 1 1 0 1 0
thermal_drift_qam64_bw40_bo070_seed41 1 64 40000 700000 21760 24519917 24929155 24769 10819 1929024 8296794 286085 27831 22443 308528 0 0 2304 1929024 1048576 1048576 734003 1048576 1066077 2400608 82493 348982 11624270 82259 0 0 82493 6 0 7 3 0
thermal_drift_qam64_bw40_bo070_seed53 1 64 40000 700000 21760 22284727 22597517 25175 9807 1734504 7629018 152607 13525 12189 164796 0 0 2304 1734504 1048576 1048576 734003 1048576 1063294 2691741 81615 354004 12776424 83752 0 0 81615 6 0 12 4 0
thermal_drift_qam64_bw40_bo070_seed67 1 64 40000 700000 21760 22220410 22560762 26204 9791 1726680 7638652 271462 23442 13376 284838 0 0 2304 1726680 1048576 1048576 734003 1048576 1064637 2806341 81482 355028 12740990 51667 0 0 81482 6 0 13 4 0
combined_stress_qam16_bw20_bo058_seed41 1 16 20000 580000 21760 10610651 10733891 23149 9317 926944 3944153 174469 23461 33815 208284 0 0 1152 926944 262144 524288 608174 1048576 1060755 2605290 91603 385298 9309134 203232 0 0 91603 1 1 0 1 0
combined_stress_qam16_bw20_bo058_seed53 1 16 20000 580000 21760 11645990 11799504 22668 10242 1018190 4031796 135778 51872 44384 180162 0 0 1152 1018190 262144 524288 608174 1048576 1062398 2320750 91675 358290 3641918 342765 0 0 91675 1 1 0 1 0
combined_stress_qam16_bw20_bo058_seed67 1 16 20000 580000 21760 9496237 9613978 22815 8345 829611 3448982 70214 44434 17282 87496 0 0 1152 829611 262144 524288 608174 1048576 1061577 2866778 91606 376173 2064775 258089 0 0 91606 1 1 0 1 0
combined_stress_qam16_bw20_bo070_seed41 1 16 20000 700000 21760 12805968 13013622 25914 11296 1261638 4750104 199758 30826 27894 227652 0 0 1152 1261638 262144 524288 734003 1048576 1065579 2405524 103305 382741 7743801 146422 0 0 103305 6 0 7 3 0
combined_stress_qam16_bw20_bo070_seed53 1 16 20000 700000 21760 14055500 14293099 25895 12407 1408189 4853931 164717 81549 17275 181992 0 0 1152 1408189 262144 524288 734003 1048576 1066301 2188513 105054 356096 2340095 109971 0 0 105054 6 0 4 3 0
combined_stress_qam16_bw20_bo070_seed67 1 16 20000 700000 21760 11460990 11666688 25384 10127 1114158 4157876 81230 68732 21594 102824 0 0 1152 1114158 262144 524288 734003 1048576 1067395 2628326 101935 373701 1568684 278751 0 0 101935 6 0 4 3 0
combined_stress_qam16_bw40_bo058_seed41 1 16 40000 580000 21760 17579350 17737837 20596 7698 1414627 6043673 259019 29023 10261 269280 0 0 2304 1414627 262144 1048576 608174 1048576 1058029 2805465 84380 357273 9728855 41539 0 0 84380 1 1 0 1 0
combined_stress_qam16_bw40_bo058_seed53 1 16 40000 580000 21760 17565934 17741295 22329 7700 1475969 5985550 119153 10377 9575 128728 0 0 2304 1475969 262144 1048576 608174 1048576 1059044 3040734 88106 353768 13007718 84262 0 0 88106 1 1 0 1 0
combined_stress_qam16_bw40_bo058_seed67 1 16 40000 580000 21760 19436455 19674541 23251 8539 1718036 6995084 123413 39141 21793 145206 0 0 2304 1718036 262144 1048576 608174 1048576 1061420 2855187 92686 372811 3890026 185164 0 0 92686 1 1 0 1 0
combined_stress_qam16_bw40_bo070_seed41 1 16 40000 700000 21760 21216480 21479799 23899 9322 1877815 7281771 296747 8461 26481 323228 0 0 2304 1877815 262144 1048576 734003 1048576 1061590 2688256 92807 355473 40057809 93572 0 0 92807 6 0 7 3 0
combined_stress_qam16_bw40_bo070_seed53 1 16 40000 700000 21760 21200300 21503874 24947 9333 1897716 7224833 178388 27108 15602 193990 0 0 2304 1897716 262144 1048576 734003 1048576 1063591 2802831 93862 352299 7503809 91710 0 0 93862 6 0 7 3 0
combined_stress_qam16_bw40_bo070_seed67 1 16 40000 700000 21760 23457789 23865357 26050 10358 2306348 8418294 173151 18965 33631 206782 0 0 2304 2306348 262144 1048576 734003 1048576 1066795 2637131 103095 369876 11432989 203664 0 0 103095 6 0 7 3 0
combined_stress_qam64_bw20_bo058_seed41 1 64 20000 580000 21760 10180568 10276093 22691 8920 868977 3617588 85091 35679 23977 109068 0 0 1152 868977 1048576 524288 608174 1048576 1058415 2667403 89503 369140 3205417 295468 0 0 89503 1 1 0 1 0
combined_stress_qam64_bw20_bo058_seed53 1 64 20000 580000 21760 9499312 9559146 20364 8297 784162 3248540 150678 28424 14434 165112 0 0 1152 784162 1048576 524288 608174 1048576 1055181 2573605 86559 356344 6091067 100447 0 0 86559 1 1 0 1 0
combined_stress_qam64_bw20_bo058_seed67 1 64 20000 580000 21760 9332025 9420901 22238 8177 794586 3293315 314645 25797 18805 333450 0 0 1152 794586 1048576 524288 608174 1048576 1058562 2851686 89282 366556 13553811 62669 0 0 89282 1 1 0 1 0
combined_stress_qam64_bw20_bo070_seed41 1 64 20000 700000 21760 12286934 12451233 25949 10808 1146729 4354153 87317 24235 12599 99916 0 0 1152 1146729 1048576 524288 734003 1048576 1062597 2517533 97863 366683 4323067 151299 0 0 97863 4 1 11 4 0
combined_stress_qam64_bw20_bo070_seed53 1 64 20000 700000 21760 11464715 11590863 22804 10061 1013344 3926301 166283 32583 6473 172756 0 0 1152 1013344 1048576 524288 734003 1048576 1060114 2376675 92682 355196 5559580 40819 0 0 92682 6 0 10 4 0
combined_stress_qam64_bw20_bo070_seed67 1 64 20000 700000 21760 11262772 11430425 24762 9922 1066401 3975237 375021 26869 23123 398144 0 0 1152 1066401 1048576 524288 734003 1048576 1064185 2616896 99283 364670 15537766 64653 0 0 99283 6 0 7 3 0
combined_stress_qam64_bw40_bo058_seed41 1 64 40000 580000 21760 20316553 20598556 21023 8940 1713623 6976207 227416 21522 17268 244684 0 0 2304 1713623 1048576 1048576 608174 1048576 1063131 2465796 88443 355126 11921279 79620 0 0 88443 1 1 0 1 0
combined_stress_qam64_bw40_bo058_seed53 1 64 40000 580000 21760 18464452 18673586 21587 8104 1565510 6408631 118772 22264 8120 126892 0 0 2304 1565510 1048576 1048576 608174 1048576 1060452 2793140 88904 359863 5976280 71687 0 0 88904 1 1 0 1 0
combined_stress_qam64_bw40_bo058_seed67 1 64 40000 580000 21760 18411183 18630494 22367 8086 1545845 6415847 212774 16704 19594 232368 0 0 2304 1545845 1048576 1048576 608174 1048576 1061066 2900507 88041 361102 14586656 96562 0 0 88041 1 1 0 1 0
combined_stress_qam64_bw40_bo070_seed41 1 64 40000 700000 21760 24519917 24978877 23863 10841 2321544 8380488 293243 22561 26939 320182 0 0 2304 2321544 1048576 1048576 734003 1048576 1068203 2308105 99279 351800 14881218 96328 0 0 99279 6 0 7 3 0
combined_stress_qam64_bw40_bo070_seed53 1 64 40000 700000 21760 22284727 22650240 23659 9830 2074593 7702208 149386 24990 8508 157894 0 0 2304 2074593 1048576 1048576 734003 1048576 1065775 2523729 97617 356568 6625204 59720 0 0 97617 6 0 7 3 0
combined_stress_qam64_bw40_bo070_seed67 1 64 40000 700000 21760 22220410 22595442 25652 9807 2089008 7714097 246308 47298 19770 266078 0 0 2304 2089008 1048576 1048576 734003 1048576 1066274 2742742 98580 357984 5898833 84164 0 0 98580 6 0 7 3 0
