# name valid raw[18] expected_q20[13] package direct path path_len ood
baseline_qam16_bw20_bo058_seed41 1 16 20000 580000 6400 10610651 10302857 22814 8943 576920 2000098 57773 5895 5339 63112 0 0 1152 576920 262144 524288 608174 308405 1018159 2674965 57013 203561 11226078 96902 0 0 57013 1 1 0 1 0
baseline_qam16_bw20_bo058_seed53 1 16 20000 580000 6400 11645990 11275417 22419 9788 639977 1985113 22272 23572 5710 27982 0 0 1152 639977 262144 524288 608174 308405 1015211 2401719 57622 184609 1244750 268829 0 0 57622 1 1 0 1 0
baseline_qam16_bw20_bo058_seed67 1 16 20000 580000 6400 9496237 9321301 22636 8091 456786 1533440 78070 10754 8614 86684 0 0 1152 456786 262144 524288 608174 308405 1029260 2933576 50438 172500 8452182 115697 0 0 50438 1 1 0 1 0
baseline_qam16_bw20_bo070_seed41 1 16 20000 700000 6400 12805968 12164709 25467 10560 917433 2340326 71330 3660 8340 79670 2 0 1152 917433 262144 524288 734003 308405 996069 2528796 75121 201732 22825150 122601 1820 0 75121 6 0 14 4 0
baseline_qam16_bw20_bo070_seed53 1 16 20000 700000 6400 14055500 13283807 25000 11531 1035411 2321405 25960 27452 9412 35372 1 0 1152 1035411 262144 524288 734003 308405 991006 2273385 77244 183243 1351094 380169 910 0 77244 6 0 6 3 0
baseline_qam16_bw20_bo070_seed67 1 16 20000 700000 6400 11460990 11052842 25116 9594 688558 1815205 77776 14712 8000 85776 1 0 1152 688558 262144 524288 734003 308405 1011234 2745053 62997 172207 6113557 107856 910 0 62997 6 0 6 3 0
baseline_qam16_bw40_bo058_seed41 1 16 40000 580000 6400 17579350 17340282 21440 7526 768016 2886772 18800 5276 188 18988 0 0 2304 768016 262144 1048576 608174 308405 1034316 2987174 45811 174565 3773761 10486 0 0 45811 1 1 0 1 0
baseline_qam16_bw40_bo058_seed53 1 16 40000 580000 6400 17565934 17345174 22524 7528 756616 2889520 58080 3300 4384 62464 0 0 2304 756616 262144 1048576 608174 308405 1035398 3137371 45165 174682 19847955 79149 0 0 45165 1 1 0 1 0
baseline_qam16_bw40_bo058_seed67 1 16 40000 580000 6400 19436455 19009785 22570 8251 972074 3332084 15064 10224 866 15930 0 0 2304 972074 262144 1048576 608174 308405 1025558 2868302 52442 183797 1633785 60281 0 0 52442 1 1 0 1 0
baseline_qam16_bw40_bo070_seed41 1 16 40000 700000 6400 21216480 20608522 23947 8945 1136886 3425828 17450 6312 532 17982 0 0 2304 1136886 262144 1048576 734003 308405 1018529 2807183 56188 174309 2987246 31968 0 0 56188 5 1 8 4 0
baseline_qam16_bw40_bo070_seed53 1 16 40000 700000 6400 21200300 20603766 25253 8943 1126254 3411806 69861 3603 607 70468 1 0 2304 1126254 262144 1048576 734003 308405 1019071 2960940 55705 173635 20508202 9111 455 0 55705 5 1 8 4 0
baseline_qam16_bw40_bo070_seed67 1 16 40000 700000 6400 23457789 22500052 25353 9766 1500253 3924859 22808 9648 5548 28356 2 0 2304 1500253 262144 1048576 734003 308405 1005765 2722153 67062 182911 3081822 255064 910 0 67062 6 0 6 3 0
baseline_qam64_bw20_bo058_seed41 1 64 20000 580000 6400 10180568 9960410 22908 8646 493794 1759207 3758 11936 9844 13602 0 0 1152 493794 1048576 524288 608174 308405 1025900 2778253 50860 185199 1194934 2746722 0 0 50860 1 1 0 1 0
baseline_qam64_bw20_bo058_seed53 1 64 20000 580000 6400 9499312 9343320 20217 8111 418848 1680715 84594 31404 12180 96774 0 0 1152 418848 1048576 524288 608174 308405 1031357 2613619 46234 188622 3231273 150976 0 0 46234 1 1 0 1 0
baseline_qam64_bw20_bo058_seed67 1 64 20000 580000 6400 9332025 9155988 21831 7948 445577 1629843 173266 3536 1256 174522 0 0 1152 445577 1048576 524288 608174 308405 1028796 2880154 50066 186655 51753275 7601 0 0 50066 1 1 0 1 0
baseline_qam64_bw20_bo070_seed41 1 64 20000 700000 6400 12286934 11785700 25412 10231 771606 2070121 8862 10544 12050 20912 2 0 1152 771606 1048576 524288 734003 308405 1005800 2604478 65849 184179 2079649 1425789 1820 0 65849 4 1 15 4 0
baseline_qam64_bw20_bo070_seed53 1 64 20000 700000 6400 11464715 11084007 22615 9622 646070 1987201 95462 39336 13826 109288 0 0 1152 646070 1048576 524288 734003 308405 1013756 2464513 59090 187994 2913280 151868 0 0 59090 5 1 8 4 0
baseline_qam64_bw20_bo070_seed67 1 64 20000 700000 6400 11262772 10859821 24640 9427 680519 1926900 200380 2938 1210 201590 0 0 1152 680519 1048576 524288 734003 308405 1011061 2740735 63357 186053 71947732 6332 0 0 63357 6 0 9 4 0
baseline_qam64_bw40_bo058_seed41 1 64 40000 580000 6400 20316553 19868225 20746 8623 984486 3350384 203459 9215 2851 206310 0 0 2304 984486 1048576 1048576 608174 308405 1025437 2522760 50811 176822 23476041 14693 0 0 50811 1 1 0 1 0
baseline_qam64_bw40_bo058_seed53 1 64 40000 580000 6400 18464452 18158306 21673 7881 854356 2981591 115555 10617 4791 120346 0 0 2304 854356 1048576 1048576 608174 308405 1031190 2883617 48518 172176 11885837 43475 0 0 48518 1 1 0 1 0
baseline_qam64_bw40_bo058_seed67 1 64 40000 580000 6400 18411183 18114718 22081 7862 850523 3051347 185149 4097 2901 188050 0 0 2304 850523 1048576 1048576 608174 308405 1031691 2945002 48440 176628 48129050 16430 0 0 48440 1 1 0 1 0
baseline_qam64_bw40_bo070_seed41 1 64 40000 700000 6400 24519917 23492268 23497 10196 1560883 3953416 235556 5258 6416 241972 0 0 2304 1560883 1048576 1048576 734003 308405 1004629 2416476 66750 176460 48255236 28561 0 0 66750 6 0 9 4 0
baseline_qam64_bw40_bo070_seed53 1 64 40000 700000 6400 22284727 21540604 23963 9349 1294425 3519295 128276 16252 2052 130328 1 0 2304 1294425 1048576 1048576 734003 308405 1013562 2687670 60907 171316 8408738 16774 455 0 60907 5 1 8 4 0
baseline_qam64_bw40_bo070_seed67 1 64 40000 700000 6400 22220410 21482967 24747 9324 1288071 3596998 211095 6147 937 212032 0 0 2304 1288071 1048576 1048576 734003 308405 1013776 2783045 60784 175568 36169134 4654 0 0 60784 6 0 9 4 0
gain_mid_low_qam16_bw20_bo058_seed41 1 16 20000 580000 6400 10610651 9330820 20399 8100 1342911 1807411 51561 3269 4369 55930 0 0 1152 1342911 262144 524288 608174 308405 922099 2640729 132710 203113 17940305 88851 0 0 132710 1 1 0 1 0
gain_mid_low_qam16_bw20_bo058_seed53 1 16 20000 580000 6400 11645990 10206848 19995 8860 1500776 1794699 18897 18803 7699 26596 0 0 1152 1500776 262144 524288 608174 308405 918999 2366397 135126 184374 1483164 427210 0 0 135126 1 1 0 1 0
gain_mid_low_qam16_bw20_bo058_seed67 1 16 20000 580000 6400 9496237 8449813 20266 7335 1110148 1388988 67641 10577 5167 72808 0 0 1152 1110148 262144 524288 608174 308405 933030 2897129 122583 172366 7217994 80099 0 0 122583 1 1 0 1 0
gain_mid_low_qam16_bw20_bo070_seed41 1 16 20000 700000 6400 12805968 10992759 22581 9542 1894965 2104807 69944 6530 6072 76016 2 0 1152 1894965 262144 524288 734003 308405 900107 2481439 155163 200773 12206517 91029 1820 0 155163 6 0 14 4 0
gain_mid_low_qam16_bw20_bo070_seed53 1 16 20000 700000 6400 14055500 12000707 22224 10417 2127571 2090522 21407 28665 11167 32574 1 0 1152 2127571 262144 524288 734003 308405 895283 2237070 158722 182662 1191569 546992 910 0 158722 6 0 6 3 0
gain_mid_low_qam16_bw20_bo070_seed67 1 16 20000 700000 6400 11460990 10000252 22314 8681 1532538 1642242 65509 12409 7673 73182 1 0 1152 1532538 262144 524288 734003 308405 914932 2695303 140213 172197 6183970 122819 910 0 140213 6 0 6 3 0
gain_mid_low_qam16_bw40_bo058_seed41 1 16 40000 580000 6400 17579350 15728482 19172 6827 1950992 2619337 17497 2339 3285 20782 0 0 2304 1950992 262144 1048576 608174 308405 938175 2944675 116373 174624 9316591 196866 0 0 116373 1 1 0 1 0
gain_mid_low_qam16_bw40_bo058_seed53 1 16 40000 580000 6400 17565934 15726615 20133 6826 1947685 2616518 49364 2074 2334 51698 0 0 2304 1947685 262144 1048576 608174 308405 938780 3092731 116265 174457 26137552 49578 0 0 116265 1 1 0 1 0
gain_mid_low_qam16_bw40_bo058_seed67 1 16 40000 580000 6400 19436455 17227623 20308 7477 2331564 3017795 12805 7305 905 13710 0 0 2304 2331564 262144 1048576 608174 308405 929412 2847998 125785 183681 1967964 74109 0 0 125785 1 1 0 1 0
gain_mid_low_qam16_bw40_bo070_seed41 1 16 40000 700000 6400 21216480 18657228 21219 8098 2676888 3104542 18920 1098 2414 21334 0 0 2304 2676888 262144 1048576 734003 308405 922091 2747559 132299 174482 20373698 133788 0 0 132299 5 1 8 4 0
gain_mid_low_qam16_bw40_bo070_seed53 1 16 40000 700000 6400 21200300 18658952 22455 8099 2673104 3085842 64477 3265 3229 67706 1 0 2304 2673104 262144 1048576 734003 308405 922880 2907245 132213 173415 21744223 52513 455 0 132213 5 1 8 4 0
gain_mid_low_qam16_bw40_bo070_seed67 1 16 40000 700000 6400 23457789 20356064 22509 8835 3249415 3544931 18137 14299 4963 23100 2 0 2304 3249415 262144 1048576 734003 308405 909927 2671465 145251 182606 1693972 286932 910 0 145251 6 0 6 3 0
gain_mid_low_qam64_bw20_bo058_seed41 1 64 20000 580000 6400 10180568 9021457 20440 7831 1222669 1590502 739 9163 10305 11044 0 0 1152 1222669 1048576 524288 608174 308405 929190 2736929 125932 184866 1263830 14621889 0 0 125932 1 1 0 1 0
gain_mid_low_qam64_bw20_bo058_seed53 1 64 20000 580000 6400 9499312 8470261 17968 7353 1087017 1523172 75849 31691 10683 86532 0 0 1152 1087017 1048576 524288 608174 308405 934985 2562330 119990 188561 2863128 147687 0 0 119990 1 1 0 1 0
gain_mid_low_qam64_bw20_bo058_seed67 1 64 20000 580000 6400 9332025 8304680 19501 7209 1084281 1476289 155468 2864 388 155856 0 0 1152 1084281 1048576 524288 608174 308405 933140 2836493 121833 186401 57062451 2617 0 0 121833 1 1 0 1 0
gain_mid_low_qam64_bw20_bo070_seed41 1 64 20000 700000 6400 12286934 10657069 22545 9251 1705863 1873334 10029 8091 11299 21328 2 0 1152 1705863 1048576 524288 734003 308405 909482 2555415 145580 184322 2764062 1181360 1820 0 145580 4 1 15 4 0
gain_mid_low_qam64_bw20_bo070_seed53 1 64 20000 700000 6400 11464715 10031677 20304 8708 1500380 1793896 85967 37827 11821 97788 0 0 1152 1500380 1048576 524288 734003 308405 917509 2444911 137226 187510 2710713 144186 0 0 137226 5 1 8 4 0
gain_mid_low_qam64_bw20_bo070_seed67 1 64 20000 700000 6400 11262772 9820478 21998 8525 1505162 1743779 183178 3910 470 183648 0 0 1152 1505162 1048576 524288 734003 308405 914297 2705757 140132 186191 49250354 2690 0 0 140132 6 0 9 4 0
gain_mid_low_qam64_bw40_bo058_seed41 1 64 40000 580000 6400 20316553 17997119 18557 7811 2432380 3034186 183545 9425 2455 186000 0 0 2304 2432380 1048576 1048576 608174 308405 928866 2491157 125540 176782 20693383 14025 0 0 125540 1 1 0 1 0
gain_mid_low_qam64_bw40_bo058_seed53 1 64 40000 580000 6400 18464452 16463584 19318 7146 2125068 2696396 102163 12551 6083 108246 0 0 2304 2125068 1048576 1048576 608174 308405 934949 2834648 120680 171735 9043435 62434 0 0 120680 1 1 0 1 0
gain_mid_low_qam64_bw40_bo058_seed67 1 64 40000 580000 6400 18411183 16419883 19787 7127 2101630 2763595 165476 5080 3536 169012 0 0 2304 2101630 1048576 1048576 608174 308405 935165 2911207 119695 176484 34886206 22407 0 0 119695 1 1 0 1 0
gain_mid_low_qam64_bw40_bo070_seed41 1 64 40000 700000 6400 24519917 21242543 20994 9220 3420196 3574518 208308 3558 5416 213724 0 0 2304 3420196 1048576 1048576 734003 308405 908422 2387614 146262 176446 62986469 27263 0 0 146262 6 0 9 4 0
gain_mid_low_qam64_bw40_bo070_seed53 1 64 40000 700000 6400 22284727 19495725 21210 8462 2942668 3177134 109059 16027 3399 112458 1 0 2304 2942668 1048576 1048576 734003 308405 917343 2628255 138463 170882 7357631 32681 455 0 138463 5 1 8 4 0
gain_mid_low_qam64_bw40_bo070_seed67 1 64 40000 700000 6400 22220410 19440270 22132 8438 2912638 3251143 183851 3979 791 184642 0 0 2304 2912638 1048576 1048576 734003 308405 917382 2750306 137447 175361 48658248 4511 0 0 137447 6 0 9 4 0
gain_low_qam16_bw20_bo058_seed41 1 16 20000 580000 6400 10610651 8356547 18062 7254 2285972 1613112 48918 3784 4130 53048 0 0 1152 2285972 262144 524288 608174 308405 825819 2610888 225907 202413 14700016 88528 0 0 225907 1 1 0 1 0
gain_low_qam16_bw20_bo058_seed53 1 16 20000 580000 6400 11645990 9134916 17749 7930 2536662 1601806 17835 19621 3331 21166 0 0 1152 2536662 262144 524288 608174 308405 822485 2346933 228395 183868 1131143 195840 0 0 228395 1 1 0 1 0
gain_low_qam16_bw20_bo058_seed67 1 16 20000 580000 6400 9496237 7579730 17738 6580 1948413 1245365 57651 10011 7121 64772 0 0 1152 1948413 262144 524288 608174 308405 836955 2826693 215144 172283 6784374 129519 0 0 215144 1 1 0 1 0
gain_low_qam16_bw20_bo070_seed41 1 16 20000 700000 6400 12805968 9814024 19593 8519 3037952 1873366 65331 4995 6305 71636 2 0 1152 3037952 262144 524288 734003 308405 803590 2411639 248753 200159 15038196 101197 1820 0 248753 6 0 14 4 0
gain_low_qam16_bw20_bo070_seed53 1 16 20000 700000 6400 14055500 10711584 19318 9298 3377986 1863513 18926 22818 6094 25020 1 0 1152 3377986 262144 524288 734003 308405 799111 2178575 252006 182423 1149766 337632 910 0 252006 6 0 6 3 0
gain_low_qam16_bw20_bo070_seed67 1 16 20000 700000 6400 11460990 8951665 19304 7771 2549703 1467666 56658 9290 6594 63252 1 0 1152 2549703 262144 524288 734003 308405 818996 2604776 233275 171919 7139347 122036 910 0 233275 6 0 6 3 0
gain_low_qam16_bw40_bo058_seed41 1 16 40000 580000 6400 17579350 14110497 16915 6124 3512679 2348752 14817 2955 2943 17760 0 0 2304 3512679 262144 1048576 608174 308405 841665 2896255 209525 174540 6302101 208272 0 0 209525 1 1 0 1 0
gain_low_qam16_bw40_bo058_seed53 1 16 40000 580000 6400 17565934 14107707 17814 6123 3512127 2342890 46512 2958 50 46562 0 0 2304 3512127 262144 1048576 608174 308405 842142 3050683 209652 174139 16505678 1127 0 0 209652 1 1 0 1 0
gain_low_qam16_bw40_bo058_seed67 1 16 40000 580000 6400 19436455 15445207 17822 6704 4049774 2701657 14675 7965 2119 16794 0 0 2304 4049774 262144 1048576 608174 308405 833252 2787548 218481 183416 2210896 151409 0 0 218481 1 1 0 1 0
gain_low_qam16_bw40_bo070_seed41 1 16 40000 700000 6400 21216480 16710266 18695 7253 4564006 2780723 14856 1878 1058 15914 0 0 2304 4564006 262144 1048576 734003 308405 825867 2702761 225566 174492 8885537 74676 0 0 225566 5 1 8 4 0
gain_low_qam16_bw40_bo070_seed53 1 16 40000 700000 6400 21200300 16703129 19621 7250 4567455 2754735 63972 1984 4794 68766 1 0 2304 4567455 262144 1048576 734003 308405 826144 2837808 225908 172935 36343940 78579 455 0 225908 6 0 9 4 0
gain_low_qam16_bw40_bo070_seed67 1 16 40000 700000 6400 23457789 18208536 19635 7903 5332119 3164441 19931 14209 3989 23920 2 0 2304 5332119 262144 1048576 734003 308405 813932 2605187 238349 182231 1765215 209863 910 0 238349 6 0 6 3 0
gain_low_qam64_bw20_bo058_seed41 1 64 20000 580000 6400 10180568 8088233 17979 7021 2121649 1425735 1605 10335 6609 8214 0 0 1152 2121649 1048576 524288 608174 308405 833070 2685137 218525 184835 833382 4317781 0 0 218525 1 1 0 1 0
gain_low_qam64_bw20_bo058_seed53 1 64 20000 580000 6400 9499312 7599498 15958 6597 1930998 1363942 66118 27128 9318 75436 0 0 1152 1930998 1048576 524288 608174 308405 838866 2536483 213152 188196 2915821 147776 0 0 213152 1 1 0 1 0
gain_low_qam64_bw20_bo058_seed67 1 64 20000 580000 6400 9332025 7445235 17287 6463 1911342 1323234 137107 1933 617 137724 0 0 1152 1911342 1048576 524288 608174 308405 836570 2804693 214764 186362 74709819 4719 0 0 214764 1 1 0 1 0
gain_low_qam64_bw20_bo070_seed41 1 64 20000 700000 6400 12286934 9530597 19659 8273 2797791 1670313 16531 8597 8373 24904 2 0 1152 2797791 1048576 524288 734003 308405 813348 2491715 238766 183771 3037541 531107 1820 0 238766 4 1 15 4 0
gain_low_qam64_bw20_bo070_seed53 1 64 20000 700000 6400 11464715 8986498 17775 7801 2516321 1604070 76136 34300 13146 89282 0 0 1152 2516321 1048576 524288 734003 308405 821915 2389237 230146 187168 2729416 181052 0 0 230146 5 1 8 4 0
gain_low_qam64_bw20_bo070_seed67 1 64 20000 700000 6400 11262772 8786893 19294 7628 2504463 1558706 161842 3666 1002 162844 0 0 1152 2504463 1048576 524288 734003 308405 818069 2652232 233168 186007 46577826 6492 0 0 233168 6 0 5 3 0
gain_low_qam64_bw40_bo058_seed41 1 64 40000 580000 6400 20316553 16125948 16464 6999 4244755 2717146 163434 9096 3012 166446 0 0 2304 4244755 1048576 1048576 608174 308405 832291 2466603 219080 176680 19187696 19325 0 0 219080 1 1 0 1 0
gain_low_qam64_bw40_bo058_seed53 1 64 40000 580000 6400 18464452 14763880 16960 6408 3762786 2417010 91193 11725 3949 95142 0 0 2304 3762786 1048576 1048576 608174 308405 838425 2775257 213684 171663 8508624 45407 0 0 213684 1 1 0 1 0
gain_low_qam64_bw40_bo058_seed67 1 64 40000 580000 6400 18411183 14723624 17485 6390 3737819 2474309 144106 5390 448 144554 0 0 2304 3737819 1048576 1048576 608174 308405 838558 2869226 212881 176213 28121680 3260 0 0 212881 1 1 0 1 0
gain_low_qam64_bw40_bo070_seed41 1 64 40000 700000 6400 24519917 18985954 18424 8240 5613575 3193182 181627 4013 3989 185616 0 0 2304 5613575 1048576 1048576 734003 308405 811920 2344534 240060 176356 48500494 23029 0 0 240060 6 0 5 3 0
gain_low_qam64_bw40_bo070_seed53 1 64 40000 700000 6400 22284727 17447976 18476 7573 4922553 2837408 90590 15714 3106 93696 1 0 2304 4922553 1048576 1048576 734003 308405 820990 2558232 231624 170521 6252219 35952 455 0 231624 6 0 5 3 0
gain_low_qam64_bw40_bo070_seed67 1 64 40000 700000 6400 22220410 17396966 19430 7551 4889540 2901705 160541 5693 2111 162652 0 0 2304 4889540 1048576 1048576 734003 308405 820959 2698163 230736 174896 29958367 13788 0 0 230736 6 0 5 3 0
gain_high_qam16_bw20_bo058_seed41 1 16 20000 580000 6400 10610651 11171694 24885 9698 730623 2171569 58661 6993 4653 63314 0 0 1152 730623 262144 524288 608174 308405 1104020 2690639 72202 203824 9493714 83173 0 0 72202 1 1 0 1 0
gain_high_qam16_bw20_bo058_seed53 1 16 20000 580000 6400 11645990 12217000 24594 10605 761878 2152691 24424 23046 9588 34012 0 0 1152 761878 262144 524288 608174 308405 1099988 2431747 68598 184764 1547521 411634 0 0 68598 1 1 0 1 0
gain_high_qam16_bw20_bo058_seed67 1 16 20000 580000 6400 9496237 10099601 24737 8767 731896 1661427 83476 12874 5012 88488 0 0 1152 731896 262144 524288 608174 308405 1115200 2958666 80816 172495 7207270 62958 0 0 80816 1 1 0 1 0
gain_high_qam16_bw20_bo070_seed41 1 16 20000 700000 6400 12805968 13199840 27904 11458 829498 2541855 78820 5062 5818 84638 2 0 1152 829498 262144 524288 734003 308405 1080827 2553628 67921 201921 17532472 77399 1820 0 67921 6 0 14 4 0
gain_high_qam16_bw20_bo070_seed53 1 16 20000 700000 6400 14055500 14414618 27520 12513 868218 2522771 26622 28812 9048 35670 1 0 1152 868218 262144 524288 734003 308405 1075367 2306147 64771 183516 1298164 356379 910 0 64771 6 0 6 3 0
gain_high_qam16_bw20_bo070_seed67 1 16 20000 700000 6400 11460990 11984893 27608 10404 812335 1968208 88815 12463 6827 95642 1 0 1152 812335 262144 524288 734003 308405 1096508 2782496 74321 172201 8046851 80602 910 0 74321 6 0 6 3 0
gain_high_qam16_bw40_bo058_seed41 1 16 40000 580000 6400 17579350 18780204 23415 8151 1393488 3123773 17835 5067 1259 19094 0 0 2304 1393488 262144 1048576 608174 308405 1120205 3012196 83119 174413 3951354 74021 0 0 83119 1 1 0 1 0
gain_high_qam16_bw40_bo058_seed53 1 16 40000 580000 6400 17565934 18774544 24527 8149 1388812 3130899 56666 4492 4702 61368 0 0 2304 1388812 262144 1048576 608174 308405 1120722 3156022 82903 174864 14325248 87008 0 0 82903 1 1 0 1 0
gain_high_qam16_bw40_bo058_seed67 1 16 40000 580000 6400 19436455 20602147 24654 8942 1451992 3617224 20523 9723 2811 23334 0 0 2304 1451992 262144 1048576 608174 308405 1111464 2891030 78333 184104 2516453 143622 0 0 78333 1 1 0 1 0
gain_high_qam16_bw40_bo070_seed41 1 16 40000 700000 6400 21216480 22331333 26400 9692 1507049 3715998 22622 6952 2376 24998 0 0 2304 1507049 262144 1048576 734003 308405 1103675 2856212 74482 174486 3770469 110132 0 0 74482 5 1 8 4 0
gain_high_qam16_bw40_bo070_seed53 1 16 40000 700000 6400 21200300 22331601 27675 9693 1492497 3703708 72072 5292 984 73056 1 0 2304 1492497 262144 1048576 734003 308405 1104531 2993845 73820 173907 14475580 14316 455 0 73820 5 1 8 4 0
gain_high_qam16_bw40_bo070_seed67 1 16 40000 700000 6400 23457789 24413889 27760 10596 1611128 4261247 21578 15782 3076 24654 2 0 2304 1611128 262144 1048576 734003 308405 1091314 2747119 72018 183020 1638043 149477 910 0 72018 6 0 6 3 0
gain_high_qam64_bw20_bo058_seed41 1 64 20000 580000 6400 10180568 10789677 24868 9366 740171 1905512 5282 13366 9318 14600 0 0 1152 740171 1048576 524288 608174 308405 1111313 2784111 76236 185184 1145385 1849798 0 0 76236 1 1 0 1 0
gain_high_qam64_bw20_bo058_seed53 1 64 20000 580000 6400 9499312 10116185 22010 8781 715973 1821107 90344 33826 13284 103628 0 0 1152 715973 1048576 524288 608174 308405 1116669 2628306 79032 188764 3212376 154181 0 0 79032 1 1 0 1 0
gain_high_qam64_bw20_bo058_seed67 1 64 20000 580000 6400 9332025 9921674 23736 8613 715625 1765882 187081 3335 1893 188974 0 0 1152 715625 1048576 524288 608174 308405 1114831 2889702 80410 186628 59416372 10610 0 0 80410 1 1 0 1 0
gain_high_qam64_bw20_bo070_seed41 1 64 20000 700000 6400 12286934 12782415 27877 11096 808407 2245294 6178 12396 12044 18222 2 0 1152 808407 1048576 524288 734003 308405 1090861 2634387 68990 184188 1541397 2044197 1820 0 68990 4 1 15 4 0
gain_high_qam64_bw20_bo070_seed53 1 64 20000 700000 6400 11464715 12016587 24806 10431 763068 2155245 107353 41135 14341 121694 0 0 1152 763068 1048576 524288 734003 308405 1099051 2493622 69791 188068 3102113 140076 0 0 69791 5 1 8 4 0
gain_high_qam64_bw20_bo070_seed67 1 64 20000 700000 6400 11262772 11772262 26858 10219 787126 2089269 217861 2315 589 218450 0 0 1152 787126 1048576 524288 734003 308405 1096010 2755911 73282 186095 98946621 2835 0 0 73282 6 0 9 4 0
gain_high_qam64_bw40_bo058_seed41 1 64 40000 580000 6400 20316553 21525847 22526 9343 1454522 3630190 223131 9535 4511 227642 0 0 2304 1454522 1048576 1048576 608174 308405 1110990 2528120 75071 176835 25034078 21199 0 0 75071 1 1 0 1 0
gain_high_qam64_bw40_bo058_seed53 1 64 40000 580000 6400 18464452 19669933 23757 8537 1414705 3229154 129352 18946 3794 133146 0 0 2304 1414705 1048576 1048576 608174 308405 1117034 2918006 80340 172142 7369033 30756 0 0 80340 1 1 0 1 0
gain_high_qam64_bw40_bo058_seed67 1 64 40000 580000 6400 18411183 19620435 24006 8516 1408972 3310331 204625 4481 3441 208066 0 0 2304 1408972 1048576 1048576 608174 308405 1117447 2955861 80245 176914 48688466 17633 0 0 80245 1 1 0 1 0
gain_high_qam64_bw40_bo070_seed41 1 64 40000 700000 6400 24519917 25487792 25648 11062 1593239 4292326 259325 9425 4931 264256 0 0 2304 1593239 1048576 1048576 734003 308405 1089966 2431195 68134 176588 29399735 19938 0 0 68134 6 0 9 4 0
gain_high_qam64_bw40_bo070_seed53 1 64 40000 700000 6400 22284727 23354088 26323 10136 1538373 3816475 134900 19100 6722 141622 1 0 2304 1538373 1048576 1048576 734003 308405 1098893 2723132 72386 171356 7774944 52250 455 0 72386 5 1 8 4 0
gain_high_qam64_bw40_bo070_seed67 1 64 40000 700000 6400 22220410 23295047 27124 10111 1530561 3907557 228345 6007 707 229052 0 0 2304 1530561 1048576 1048576 734003 308405 1099288 2812934 72227 175890 39983091 3247 0 0 72227 6 0 9 4 0
sat_mid_qam16_bw20_bo058_seed41 1 16 20000 580000 6400 10610651 10300994 22840 8942 582949 1999181 56169 4387 4673 60842 0 0 1152 582949 262144 524288 608174 308405 1017975 2678313 57609 203504 14542389 87237 0 0 57609 1 1 0 1 0
sat_mid_qam16_bw20_bo058_seed53 1 16 20000 580000 6400 11645990 11261814 22329 9776 643502 1981457 22556 19744 9550 32106 0 0 1152 643502 262144 524288 608174 308405 1013986 2395014 57939 184491 1705104 443957 0 0 57939 1 1 0 1 0
sat_mid_qam16_bw20_bo058_seed67 1 16 20000 580000 6400 9496237 9321813 22561 8092 458128 1531083 77619 11451 5743 83362 0 0 1152 458128 262144 524288 608174 308405 1029316 2923495 50587 172226 7633516 77584 0 0 50587 1 1 0 1 0
sat_mid_qam16_bw20_bo070_seed41 1 16 20000 700000 6400 12805968 12151819 25188 10548 927199 2334085 73940 6118 5272 79212 2 0 1152 927199 262144 524288 734003 308405 995013 2503937 75921 201407 13576300 74765 1820 0 75921 6 0 14 4 0
sat_mid_qam16_bw20_bo070_seed53 1 16 20000 700000 6400 14055500 13269806 24757 11519 1048592 2316826 26403 28759 9119 35522 1 0 1152 1048592 262144 524288 734003 308405 989961 2253633 78228 183075 1295160 362154 910 0 78228 6 0 6 3 0
sat_mid_qam16_bw20_bo070_seed67 1 16 20000 700000 6400 11460990 11046434 24912 9589 691184 1812822 79816 12292 7814 87630 1 0 1152 691184 262144 524288 734003 308405 1010648 2724176 63237 172081 7475327 102656 910 0 63237 6 0 6 3 0
sat_mid_qam16_bw40_bo058_seed41 1 16 40000 580000 6400 17579350 17344315 21372 7528 771293 2887087 16251 2523 3731 19982 0 0 2304 771293 262144 1048576 608174 308405 1034557 2976908 46006 174543 8304655 240738 0 0 46006 1 1 0 1 0
sat_mid_qam16_bw40_bo058_seed53 1 16 40000 580000 6400 17565934 17337915 22430 7525 762113 2888094 53101 4241 1535 54636 0 0 2304 762113 262144 1048576 608174 308405 1034965 3125523 45493 174668 13508606 30311 0 0 45493 1 1 0 1 0
sat_mid_qam16_bw40_bo058_seed67 1 16 40000 580000 6400 19436455 19008245 22464 8250 979990 3332427 16480 8642 2324 18804 0 0 2304 979990 262144 1048576 608174 308405 1025475 2855177 52869 183831 2281581 147870 0 0 52869 1 1 0 1 0
sat_mid_qam16_bw40_bo070_seed41 1 16 40000 700000 6400 21216480 20597070 23852 8940 1151628 3426178 16724 4422 960 17684 0 0 2304 1151628 262144 1048576 734003 308405 1017963 2797610 56917 174423 4193355 60191 0 0 56917 5 1 8 4 0
sat_mid_qam16_bw40_bo070_seed53 1 16 40000 700000 6400 21200300 20595943 25078 8939 1135485 3411046 69947 4341 5801 75748 1 0 2304 1135485 262144 1048576 734003 308405 1018684 2941737 56162 173662 18297059 86963 455 0 56162 5 1 8 4 0
sat_mid_qam16_bw40_bo070_seed67 1 16 40000 700000 6400 23457789 22496683 25083 9764 1515294 3919387 21667 13903 71 21738 2 0 2304 1515294 262144 1048576 734003 308405 1005614 2693715 67734 182684 1639498 3436 910 0 67734 6 0 6 3 0
sat_mid_qam64_bw20_bo058_seed41 1 64 20000 580000 6400 10180568 9954245 22777 8641 497739 1758500 2405 12905 8055 10460 0 0 1152 497739 1048576 524288 608174 308405 1025265 2763964 51266 185240 849911 3511967 0 0 51266 1 1 0 1 0
sat_mid_qam64_bw20_bo058_seed53 1 64 20000 580000 6400 9499312 9340878 20155 8108 420050 1679583 84586 30482 9908 94494 0 0 1152 420050 1048576 524288 608174 308405 1031087 2606567 46367 188544 3250579 122825 0 0 46367 1 1 0 1 0
sat_mid_qam64_bw20_bo058_seed67 1 64 20000 580000 6400 9332025 9159592 21707 7951 448629 1629950 170269 4179 65 170334 0 0 1152 448629 1048576 524288 608174 308405 1029201 2862714 50409 186594 42739446 400 0 0 50409 1 1 0 1 0
sat_mid_qam64_bw20_bo070_seed41 1 64 20000 700000 6400 12286934 11782336 25185 10228 777604 2066682 6944 10012 8128 15072 2 0 1152 777604 1048576 524288 734003 308405 1005513 2581970 66361 183926 1578520 1227365 1820 0 66361 4 1 15 4 0
sat_mid_qam64_bw20_bo070_seed53 1 64 20000 700000 6400 11464715 11077066 22443 9616 644755 1984847 97105 39683 14599 111704 0 0 1152 644755 1048576 524288 734003 308405 1013121 2447295 58970 187889 2951645 157645 0 0 58970 5 1 8 4 0
sat_mid_qam64_bw20_bo070_seed67 1 64 20000 700000 6400 11262772 10851917 24382 9420 685103 1925147 198926 3914 3028 201954 0 0 1152 685103 1048576 524288 734003 308405 1010325 2714053 63784 186019 54104271 15961 0 0 63784 6 0 9 4 0
sat_mid_qam64_bw40_bo058_seed41 1 64 40000 580000 6400 20316553 19861172 20516 8620 986987 3349953 204823 6177 3681 208504 0 0 2304 986987 1048576 1048576 608174 308405 1025073 2495660 50940 176862 35394575 18845 0 0 50940 1 1 0 1 0
sat_mid_qam64_bw40_bo058_seed53 1 64 40000 580000 6400 18464452 18152725 21506 7879 856963 2979527 116558 10790 4986 121544 0 0 2304 856963 1048576 1048576 608174 308405 1030873 2862124 48666 172110 11811689 44855 0 0 48666 1 1 0 1 0
sat_mid_qam64_bw40_bo058_seed67 1 64 40000 580000 6400 18411183 18109247 22062 7860 853532 3051808 183185 6377 693 183878 0 0 2304 853532 1048576 1048576 608174 308405 1031380 2943217 48611 176708 30235229 3967 0 0 48611 1 1 0 1 0
sat_mid_qam64_bw40_bo070_seed41 1 64 40000 700000 6400 24519917 23479018 23282 10191 1571293 3954307 229987 9395 3905 233892 0 0 2304 1571293 1048576 1048576 734003 308405 1004063 2395540 67195 176600 26104687 17804 0 0 67195 6 0 9 4 0
sat_mid_qam64_bw40_bo070_seed53 1 64 40000 700000 6400 22284727 21530479 23722 9345 1307684 3514242 122895 18379 3813 126708 1 0 2304 1307684 1048576 1048576 734003 308405 1013086 2661778 61531 171150 7229064 32534 455 0 61531 5 1 8 4 0
sat_mid_qam64_bw40_bo070_seed67 1 64 40000 700000 6400 22220410 21469914 24622 9319 1300736 3592848 208781 5923 5051 213832 0 0 2304 1300736 1048576 1048576 734003 308405 1013160 2770473 61381 175472 37855665 25368 0 0 61381 6 0 9 4 0
sat_early_qam16_bw20_bo058_seed41 1 16 20000 580000 6400 10610651 10292168 22523 8934 585449 1995446 56847 6041 6415 63262 0 0 1152 585449 262144 524288 608174 308405 1017103 2643505 57856 203298 10980800 118328 0 0 57856 1 1 0 1 0
sat_early_qam16_bw20_bo058_seed53 1 16 20000 580000 6400 11645990 11252489 22182 9768 653687 1981607 20805 24563 6535 27340 0 0 1152 653687 262144 524288 608174 308405 1013146 2381195 58856 184658 1167124 329365 0 0 58856 1 1 0 1 0
sat_early_qam16_bw20_bo058_seed67 1 16 20000 580000 6400 9496237 9319199 22313 8090 464246 1530880 73760 11276 8670 82430 0 0 1152 464246 262144 524288 608174 308405 1029027 2892074 51262 172251 7665317 123253 0 0 51262 1 1 0 1 0
sat_early_qam16_bw20_bo070_seed41 1 16 20000 700000 6400 12805968 12126873 24888 10527 950259 2328017 74582 6188 6044 80626 2 0 1152 950259 262144 524288 734003 308405 992970 2479050 77809 201297 13662328 84975 1820 0 77809 6 0 14 4 0
sat_early_qam16_bw20_bo070_seed53 1 16 20000 700000 6400 14055500 13240301 24350 11493 1072969 2310931 26210 27016 9720 35930 1 0 1152 1072969 262144 524288 734003 308405 987760 2221598 80046 183016 1394556 388865 910 0 80046 6 0 6 3 0
sat_early_qam16_bw20_bo070_seed67 1 16 20000 700000 6400 11460990 11030749 24488 9575 706793 1808303 76343 10277 10511 86854 1 0 1152 706793 262144 524288 734003 308405 1009213 2681726 64665 171896 8861829 144369 910 0 64665 6 0 6 3 0
sat_early_qam16_bw40_bo058_seed41 1 16 40000 580000 6400 17579350 17331481 21237 7522 779893 2884132 16046 2714 1120 17166 0 0 2304 779893 262144 1048576 608174 308405 1033791 2960464 46519 174494 6632224 73190 0 0 46519 1 1 0 1 0
sat_early_qam16_bw40_bo058_seed53 1 16 40000 580000 6400 17565934 17332675 22207 7523 768481 2885739 53035 5637 1183 54218 0 0 2304 768481 262144 1048576 608174 308405 1034652 3095271 45873 174579 10085452 23390 0 0 45873 1 1 0 1 0
sat_early_qam16_bw40_bo058_seed67 1 16 40000 580000 6400 19436455 18996456 22306 8245 988919 3328240 17990 8470 2390 20380 0 0 2304 988919 262144 1048576 608174 308405 1024839 2836815 53351 183714 2523020 139305 0 0 53351 1 1 0 1 0
sat_early_qam16_bw40_bo070_seed41 1 16 40000 700000 6400 21216480 20582141 23580 8933 1162401 3423673 17110 4200 186 17296 0 0 2304 1162401 262144 1048576 734003 308405 1017225 2767874 57449 174422 4318136 11399 0 0 57449 5 1 8 4 0
sat_early_qam16_bw40_bo070_seed53 1 16 40000 700000 6400 21200300 20572018 24604 8929 1151766 3401319 71329 5913 907 72236 1 0 2304 1151766 262144 1048576 734003 308405 1017501 2889368 56967 173369 12809900 13333 455 0 56967 5 1 8 4 0
sat_early_qam16_bw40_bo070_seed67 1 16 40000 700000 6400 23457789 22455263 24711 9746 1548324 3914716 22816 12724 3386 26202 2 0 2304 1548324 262144 1048576 734003 308405 1003763 2658666 69211 182802 2159289 155614 910 0 69211 6 0 6 3 0
sat_early_qam64_bw20_bo058_seed41 1 64 20000 580000 6400 10180568 9951109 22475 8638 501467 1754336 1703 9799 9833 11536 0 0 1152 501467 1048576 524288 608174 308405 1024942 2728264 51650 184859 1234450 6054403 0 0 51650 1 1 0 1 0
sat_early_qam64_bw20_bo058_seed53 1 64 20000 580000 6400 9499312 9334435 19881 8103 424725 1678122 84668 33268 11488 96156 0 0 1152 424725 1048576 524288 608174 308405 1030376 2572719 46883 188510 3030746 142274 0 0 46883 1 1 0 1 0
sat_early_qam64_bw20_bo058_seed67 1 64 20000 580000 6400 9332025 9151713 21590 7944 451542 1626865 170139 3549 1575 171714 0 0 1152 451542 1048576 524288 608174 308405 1028316 2849793 50737 186401 50734060 9707 0 0 50737 1 1 0 1 0
sat_early_qam64_bw20_bo070_seed41 1 64 20000 700000 6400 12286934 11764738 24804 10212 791544 2063571 12510 7440 10162 22672 2 0 1152 791544 1048576 524288 734003 308405 1004011 2546894 67551 183923 3195338 851769 1820 0 67551 4 1 15 4 0
sat_early_qam64_bw20_bo070_seed53 1 64 20000 700000 6400 11464715 11069432 22191 9609 656827 1980413 97077 40683 13497 110574 0 0 1152 656827 1048576 524288 734003 308405 1012423 2421579 60074 187599 2849968 145788 0 0 60074 5 1 8 4 0
sat_early_qam64_bw20_bo070_seed67 1 64 20000 700000 6400 11262772 10835587 24039 9406 697357 1921610 200547 4615 1251 201798 0 0 1152 697357 1048576 524288 734003 308405 1008805 2679855 64925 185957 45850604 6541 0 0 64925 6 0 9 4 0
sat_early_qam64_bw40_bo058_seed41 1 64 40000 580000 6400 20316553 19842276 20515 8612 998677 3346488 207598 8064 5590 213188 0 0 2304 998677 1048576 1048576 608174 308405 1024098 2497856 51544 176847 27721208 28235 0 0 51544 1 1 0 1 0
sat_early_qam64_bw40_bo058_seed53 1 64 40000 580000 6400 18464452 18146192 21399 7876 863330 2977137 117894 11370 1982 119876 0 0 2304 863330 1048576 1048576 608174 308405 1030502 2848969 49028 172034 11055330 17628 0 0 49028 1 1 0 1 0
sat_early_qam64_bw40_bo058_seed67 1 64 40000 580000 6400 18411183 18098315 21789 7855 853372 3049124 183056 4398 4226 187282 0 0 2304 853372 1048576 1048576 608174 308405 1030757 2908647 48602 176659 44651981 24207 0 0 48602 1 1 0 1 0
sat_early_qam64_bw40_bo070_seed41 1 64 40000 700000 6400 24519917 23440869 23152 10174 1604638 3939557 231961 10043 3887 235848 0 0 2304 1604638 1048576 1048576 734003 308405 1002431 2386144 68621 176227 24624570 17571 0 0 68621 5 1 8 4 0
sat_early_qam64_bw40_bo070_seed53 1 64 40000 700000 6400 22284727 21502075 23469 9332 1334630 3506797 119181 19781 7645 126826 1 0 2304 1334630 1048576 1048576 734003 308405 1011749 2637059 62799 171013 6722951 67262 455 0 62799 5 1 8 4 0
sat_early_qam64_bw40_bo070_seed67 1 64 40000 700000 6400 22220410 21445608 24222 9308 1321426 3590659 205571 7675 8927 214498 0 0 2304 1321426 1048576 1048576 734003 308405 1012013 2728686 62358 175564 29305206 45535 0 0 62358 6 0 9 4 0
memory_short_qam16_bw20_bo058_seed41 1 16 20000 580000 6400 10610651 10067449 22652 8739 666716 1954791 53784 4010 3382 57166 0 0 1152 666716 262144 524288 608174 308405 994895 2717970 65887 203601 14948353 65936 0 0 65887 1 1 0 1 0
memory_short_qam16_bw20_bo058_seed53 1 16 20000 580000 6400 11645990 11018545 22077 9565 751491 1941291 21784 20950 9036 30820 0 0 1152 751491 262144 524288 608174 308405 992082 2420221 67662 184742 1542583 434949 0 0 67662 1 1 0 1 0
memory_short_qam16_bw20_bo058_seed67 1 16 20000 580000 6400 9496237 9099469 22364 7899 516726 1500506 77657 11977 4383 82040 0 0 1152 516726 262144 524288 608174 308405 1004765 2968775 57057 172911 7182531 59182 0 0 57057 1 1 0 1 0
memory_short_qam16_bw20_bo070_seed41 1 16 20000 700000 6400 12805968 11908752 25307 10337 1042718 2291255 71831 4673 6307 78138 2 0 1152 1042718 262144 524288 734003 308405 975110 2567119 85380 201747 17533411 92068 1820 0 85380 6 0 14 4 0
memory_short_qam16_bw20_bo070_seed53 1 16 20000 700000 6400 14055500 13016515 24853 11299 1180787 2274211 29462 28500 8402 37864 1 0 1152 1180787 262144 524288 734003 308405 971065 2306422 88090 183204 1393098 299034 910 0 88090 6 0 6 3 0
memory_short_qam16_bw20_bo070_seed67 1 16 20000 700000 6400 11460990 10812377 24953 9386 783871 1778314 81018 14684 9616 90634 1 0 1152 783871 262144 524288 734003 308405 989234 2787675 71717 172460 6472122 124455 910 0 71717 6 0 6 3 0
memory_short_qam16_bw40_bo058_seed41 1 16 40000 580000 6400 17579350 16927008 21037 7347 876804 2819177 15620 5024 606 16226 0 0 2304 876804 262144 1048576 608174 308405 1009665 3002435 52300 174639 3386583 40681 0 0 52300 1 1 0 1 0
memory_short_qam16_bw40_bo058_seed53 1 16 40000 580000 6400 17565934 16921447 22209 7344 873577 2817333 46970 1688 1556 48526 0 0 2304 873577 262144 1048576 608174 308405 1010104 3171000 52147 174582 30144075 34737 0 0 52147 1 1 0 1 0
memory_short_qam16_bw40_bo058_seed67 1 16 40000 580000 6400 19436455 18566223 22275 8058 1111442 3256895 17902 7164 2510 20412 0 0 2304 1111442 262144 1048576 608174 308405 1001628 2898614 59961 183942 2987651 147019 0 0 59961 1 1 0 1 0
memory_short_qam16_bw40_bo070_seed41 1 16 40000 700000 6400 21216480 20132648 23775 8738 1319856 3346313 22358 728 444 22802 0 0 2304 1319856 262144 1048576 734003 308405 995010 2853044 65231 174287 32842898 20823 0 0 65231 6 0 9 4 0
memory_short_qam16_bw40_bo070_seed53 1 16 40000 700000 6400 21200300 20127506 25047 8736 1314156 3336897 68539 5311 843 69382 1 0 2304 1314156 262144 1048576 734003 308405 995515 3006374 64999 173841 13698418 12897 455 0 64999 5 1 8 4 0
memory_short_qam16_bw40_bo070_seed67 1 16 40000 700000 6400 23457789 22011604 25202 9554 1711747 3847054 21494 8534 7490 28984 2 0 2304 1711747 262144 1048576 734003 308405 983931 2765984 76516 183264 3561276 365397 910 0 76516 6 0 6 3 0
memory_short_qam64_bw20_bo058_seed41 1 64 20000 580000 6400 10180568 9723509 22548 8441 576989 1719187 5698 11492 9154 14852 0 0 1152 576989 1048576 524288 608174 308405 1001500 2801006 59429 185396 1355156 1684567 0 0 59429 1 1 0 1 0
memory_short_qam64_bw20_bo058_seed53 1 64 20000 580000 6400 9499312 9118444 19830 7915 496950 1641431 82813 30347 12559 95372 0 0 1152 496950 1048576 524288 608174 308405 1006534 2627070 54856 188756 3295376 159022 0 0 54856 1 1 0 1 0
memory_short_qam64_bw20_bo058_seed67 1 64 20000 580000 6400 9332025 8943499 21502 7763 508006 1598399 168301 2331 2487 170788 0 0 1152 508006 1048576 524288 608174 308405 1004920 2904352 57081 187403 76827198 15495 0 0 57081 1 1 0 1 0
memory_short_qam64_bw20_bo070_seed41 1 64 20000 700000 6400 12286934 11527532 25301 10007 891468 2027143 6716 12664 11752 18468 2 0 1152 891468 1048576 524288 734003 308405 983768 2651146 76079 184394 1529146 1834852 1820 0 76079 4 1 15 4 0
memory_short_qam64_bw20_bo070_seed53 1 64 20000 700000 6400 11464715 10835160 22440 9406 755283 1941470 96482 38914 15006 111488 0 0 1152 755283 1048576 524288 734003 308405 990996 2501600 69079 187886 3004154 163087 0 0 69079 5 1 8 4 0
memory_short_qam64_bw20_bo070_seed67 1 64 20000 700000 6400 11262772 10610128 24492 9210 776096 1891275 194705 4957 1775 196480 0 0 1152 776096 1048576 524288 734003 308405 987814 2788461 72255 186911 41562278 9559 0 0 72255 6 0 9 4 0
memory_short_qam64_bw40_bo058_seed41 1 64 40000 580000 6400 20316553 19396887 20437 8419 1157516 3277228 204314 8290 5442 209756 0 0 2304 1157516 1048576 1048576 608174 308405 1001110 2545403 59742 177164 26531376 27929 0 0 59742 1 1 0 1 0
memory_short_qam64_bw40_bo058_seed53 1 64 40000 580000 6400 18464452 17725260 21502 7693 981252 2907408 118324 10604 4906 123230 0 0 2304 981252 1048576 1048576 608174 308405 1006598 2930779 55724 171994 12185592 43477 0 0 55724 1 1 0 1 0
memory_short_qam64_bw40_bo058_seed67 1 64 40000 580000 6400 18411183 17679055 21768 7673 971832 2976499 183491 5587 235 183726 0 0 2304 971832 1048576 1048576 608174 308405 1006879 2974769 55349 176541 34481953 1343 0 0 55349 1 1 0 1 0
memory_short_qam64_bw40_bo070_seed41 1 64 40000 700000 6400 24519917 22989110 23283 9978 1799873 3876189 233314 10050 4984 238298 0 0 2304 1799873 1048576 1048576 734003 308405 983112 2446782 76970 176800 24863041 22399 0 0 76970 5 1 8 4 0
memory_short_qam64_bw40_bo070_seed53 1 64 40000 700000 6400 22284727 21055129 23923 9139 1497804 3436025 123928 12328 5082 129010 1 0 2304 1497804 1048576 1048576 734003 308405 990719 2744839 70477 171119 10973133 43000 455 0 70477 5 1 8 4 0
memory_short_qam64_bw40_bo070_seed67 1 64 40000 700000 6400 22220410 20995711 24570 9113 1487411 3518696 206803 6947 1259 208062 0 0 2304 1487411 1048576 1048576 734003 308405 990783 2827116 70191 175732 31404753 6384 0 0 70191 6 0 9 4 0
noise_mid_qam16_bw20_bo058_seed41 1 16 20000 580000 6400 10610651 10307698 22749 8948 599137 2001642 53614 2900 5702 59316 0 0 1152 599137 262144 524288 608174 308405 1018637 2665853 59208 203622 21447357 111519 0 0 59208 1 1 0 1 0
noise_mid_qam16_bw20_bo058_seed53 1 16 20000 580000 6400 11645990 11273287 22306 9786 666715 1987477 20474 24794 8294 28768 0 0 1152 666715 262144 524288 608174 308405 1015019 2390102 60029 184864 1216643 424777 0 0 60029 1 1 0 1 0
noise_mid_qam16_bw20_bo058_seed67 1 16 20000 580000 6400 9496237 9319786 22659 8090 477531 1535352 82575 10419 5741 88316 0 0 1152 477531 262144 524288 608174 308405 1029092 2936920 52729 172744 8888189 72902 0 0 52729 1 1 0 1 0
noise_mid_qam16_bw20_bo070_seed41 1 16 20000 700000 6400 12805968 12154785 25625 10551 944791 2336500 74925 4293 11419 86344 2 0 1152 944791 262144 524288 734003 308405 995256 2546655 77361 201567 21089738 159809 1820 0 77361 6 0 14 4 0
noise_mid_qam16_bw20_bo070_seed53 1 16 20000 700000 6400 14055500 13282836 25000 11530 1062564 2323094 27815 30827 6943 34758 1 0 1152 1062564 262144 524288 734003 308405 990933 2273582 79270 183390 1182288 261739 910 0 79270 6 0 6 3 0
noise_mid_qam16_bw20_bo070_seed67 1 16 20000 700000 6400 11460990 11047259 25091 9590 715593 1816417 79105 14383 5189 84294 1 0 1152 715593 262144 524288 734003 308405 1010723 2743464 65470 172409 6145357 68783 910 0 65470 6 0 6 3 0
noise_mid_qam16_bw40_bo058_seed41 1 16 40000 580000 6400 17579350 17341932 21481 7527 815804 2892068 12787 4841 7573 20360 0 0 2304 815804 262144 1048576 608174 308405 1034414 2992489 48661 174868 4410041 621011 0 0 48661 1 1 0 1 0
noise_mid_qam16_bw40_bo058_seed53 1 16 40000 580000 6400 17565934 17346086 22516 7529 796892 2895807 50560 5530 3256 53816 0 0 2304 796892 262144 1048576 608174 308405 1035452 3135840 47569 175052 10204370 67527 0 0 47569 1 1 0 1 0
noise_mid_qam16_bw40_bo058_seed67 1 16 40000 580000 6400 19436455 19018147 22632 8254 1018250 3336118 14909 12475 309 15218 0 0 2304 1018250 262144 1048576 608174 308405 1026009 2875136 54934 183939 1279137 21733 0 0 54934 1 1 0 1 0
noise_mid_qam16_bw40_bo070_seed41 1 16 40000 700000 6400 21216480 20604788 24078 8943 1199460 3429474 22736 3050 3572 26308 0 0 2304 1199460 262144 1048576 734003 308405 1018345 2823170 59281 174526 9044570 164739 0 0 59281 5 1 8 4 0
noise_mid_qam16_bw40_bo070_seed53 1 16 40000 700000 6400 21200300 20608323 25264 8945 1180015 3417576 68613 10095 1847 70460 1 0 2304 1180015 262144 1048576 734003 308405 1019297 2961568 58364 173890 7318738 28227 455 0 58364 5 1 8 4 0
noise_mid_qam16_bw40_bo070_seed67 1 16 40000 700000 6400 23457789 22512744 25349 9771 1557033 3930531 23294 6582 400 23694 2 0 2304 1557033 262144 1048576 734003 308405 1006332 2720331 69600 183072 3774682 18006 910 0 69600 6 0 6 3 0
noise_mid_qam64_bw20_bo058_seed41 1 64 20000 580000 6400 10180568 9962732 22869 8648 521016 1759520 4533 12915 13615 18148 0 0 1152 521016 1048576 524288 608174 308405 1026139 2772882 53663 185189 1473446 3149429 0 0 53663 1 1 0 1 0
noise_mid_qam64_bw20_bo058_seed53 1 64 20000 580000 6400 9499312 9340689 20168 8108 444059 1682852 81908 33732 9692 91600 0 0 1152 444059 1048576 524288 608174 308405 1031066 2608249 49017 188915 2847432 124076 0 0 49017 1 1 0 1 0
noise_mid_qam64_bw20_bo058_seed67 1 64 20000 580000 6400 9332025 9160449 21787 7952 468790 1630841 173290 3118 1156 174446 0 0 1152 468790 1048576 524288 608174 308405 1029297 2872903 52675 186679 58665776 6995 0 0 52675 1 1 0 1 0
noise_mid_qam64_bw20_bo070_seed41 1 64 20000 700000 6400 12286934 11787157 25442 10232 800603 2072574 8714 11858 11054 19768 2 0 1152 800603 1048576 524288 734003 308405 1005925 2607298 68324 184375 1748039 1330154 1820 0 68324 4 1 15 4 0
noise_mid_qam64_bw20_bo070_seed53 1 64 20000 700000 6400 11464715 11085843 22472 9623 667448 1989665 100140 42694 13392 113532 0 0 1152 667448 1048576 524288 734003 308405 1013924 2448675 61046 188196 2788376 140229 0 0 61046 5 1 8 4 0
noise_mid_qam64_bw20_bo070_seed67 1 64 20000 700000 6400 11262772 10856847 24419 9424 701283 1932662 204518 1550 3364 207882 0 0 1152 701283 1048576 524288 734003 308405 1010784 2717018 65290 186660 140632307 17247 0 0 65290 6 0 9 4 0
noise_mid_qam64_bw40_bo058_seed41 1 64 40000 580000 6400 20316553 19869094 20577 8624 1035867 3353988 202833 8361 7753 210586 0 0 2304 1035867 1048576 1048576 608174 308405 1025482 2501919 53463 177004 26410169 40080 0 0 53463 1 1 0 1 0
noise_mid_qam64_bw40_bo058_seed53 1 64 40000 580000 6400 18464452 18156395 21543 7880 902447 2980953 116540 11504 3292 119832 0 0 2304 902447 1048576 1048576 608174 308405 1031082 2866684 51249 172157 10922545 29620 0 0 51249 1 1 0 1 0
noise_mid_qam64_bw40_bo058_seed67 1 64 40000 580000 6400 18411183 18118888 22161 7864 887293 3054413 184602 5348 992 185594 0 0 2304 887293 1048576 1048576 608174 308405 1031929 2954920 50534 176765 36389195 5635 0 0 50534 1 1 0 1 0
noise_mid_qam64_bw40_bo070_seed41 1 64 40000 700000 6400 24519917 23482834 23677 10192 1614663 3957432 240429 10679 9783 250212 0 0 2304 1614663 1048576 1048576 734003 308405 1004226 2435943 69050 176711 24568433 42666 0 0 69050 5 1 8 4 0
noise_mid_qam64_bw40_bo070_seed53 1 64 40000 700000 6400 22284727 21536280 24173 9347 1347485 3520970 122148 14950 226 122374 1 0 2304 1347485 1048576 1048576 734003 308405 1013359 2711804 63404 171432 8583173 1940 455 0 63404 5 1 8 4 0
noise_mid_qam64_bw40_bo070_seed67 1 64 40000 700000 6400 22220410 21482795 24755 9324 1334705 3604519 210704 4926 5274 215978 0 0 2304 1334705 1048576 1048576 734003 308405 1013768 2783945 62984 175937 45974289 26246 0 0 62984 6 0 9 4 0
noise_high_qam16_bw20_bo058_seed41 1 16 20000 580000 6400 10610651 10323876 22584 8962 724583 2028745 56227 11275 6475 62702 0 0 1152 724583 262144 524288 608174 308405 1020236 2642383 71605 206056 5831292 120752 0 0 71605 1 1 0 1 0
noise_high_qam16_bw20_bo058_seed53 1 16 20000 580000 6400 11645990 11284942 22467 9796 804388 2005999 31228 15274 6546 37774 0 0 1152 804388 262144 524288 608174 308405 1016068 2404896 72425 186394 2593224 219802 0 0 72425 1 1 0 1 0
noise_high_qam16_bw20_bo058_seed67 1 16 20000 580000 6400 9496237 9329508 22675 8099 598425 1552679 69807 16297 9617 79424 0 0 1152 598425 262144 524288 608174 308405 1030166 2935728 66078 174511 5110272 144458 0 0 66078 1 1 0 1 0
noise_high_qam16_bw20_bo070_seed41 1 16 20000 700000 6400 12805968 12165932 25378 10561 1066320 2365970 84154 2626 1158 85312 2 0 1152 1066320 262144 524288 734003 308405 996169 2519720 87312 203922 34065543 14429 1820 0 87312 6 0 14 4 0
noise_high_qam16_bw20_bo070_seed53 1 16 20000 700000 6400 14055500 13311925 25623 11555 1183553 2351256 14692 14334 24292 38984 1 0 1152 1183553 262144 524288 734003 308405 993103 2325198 88296 185208 2851799 1733733 910 0 88296 6 0 6 3 0
noise_high_qam16_bw20_bo070_seed67 1 16 20000 700000 6400 11460990 11075928 24941 9615 843792 1845072 70494 14796 12984 83478 1 0 1152 843792 262144 524288 734003 308405 1013346 2719972 77199 174676 5915993 193133 910 0 77199 6 0 6 3 0
noise_high_qam16_bw40_bo058_seed41 1 16 40000 580000 6400 17579350 17369167 21347 7539 1060925 2925402 10371 17257 3137 13508 0 0 2304 1060925 262144 1048576 608174 308405 1036039 2969088 63282 176606 820778 317171 0 0 63282 1 1 0 1 0
noise_high_qam16_bw40_bo058_seed53 1 16 40000 580000 6400 17565934 17342611 22406 7527 1053493 2935561 46591 4181 3561 50152 0 0 2304 1053493 262144 1048576 608174 308405 1035245 3121349 62887 177491 12577896 80144 0 0 62887 1 1 0 1 0
noise_high_qam16_bw40_bo058_seed67 1 16 40000 580000 6400 19436455 19018339 22372 8254 1261202 3371002 24957 8193 9577 34534 0 0 2304 1261202 262144 1048576 608174 308405 1026019 2842106 68041 185860 4419812 402381 0 0 68041 1 1 0 1 0
noise_high_qam16_bw40_bo070_seed41 1 16 40000 700000 6400 21216480 20591331 24359 8937 1452729 3472179 25452 23180 8486 33938 0 0 2304 1452729 262144 1048576 734003 308405 1017679 2858035 71798 176814 1535227 349608 0 0 71798 5 1 8 4 0
noise_high_qam16_bw40_bo070_seed53 1 16 40000 700000 6400 21200300 20613627 25106 8947 1433047 3453164 72332 13142 26620 98952 1 0 2304 1433047 262144 1048576 734003 308405 1019559 2942388 70879 175656 7895198 385902 455 0 70879 5 1 8 4 0
noise_high_qam16_bw40_bo070_seed67 1 16 40000 700000 6400 23457789 22516546 25202 9773 1826115 3964750 20206 21670 10120 30326 2 0 2304 1826115 262144 1048576 734003 308405 1006502 2704002 81628 184635 1467426 525170 910 0 81628 6 0 6 3 0
noise_high_qam64_bw20_bo058_seed41 1 64 20000 580000 6400 10180568 9970336 22835 8655 636146 1780846 16040 5170 4644 20684 0 0 1152 636146 1048576 524288 608174 308405 1026923 2766520 65522 187291 4195115 303590 0 0 65522 1 1 0 1 0
noise_high_qam64_bw20_bo058_seed53 1 64 20000 580000 6400 9499312 9331690 20243 8100 564422 1697083 89599 36125 22849 112448 0 0 1152 564422 1048576 524288 608174 308405 1030073 2620534 62303 190696 3263952 267402 0 0 62303 1 1 0 1 0
noise_high_qam64_bw20_bo058_seed67 1 64 20000 580000 6400 9332025 9178457 22015 7967 596390 1651176 171965 11819 437 172402 0 0 1152 596390 1048576 524288 608174 308405 1031321 2897502 67012 188636 15295423 2665 0 0 67012 1 1 0 1 0
noise_high_qam64_bw20_bo070_seed41 1 64 20000 700000 6400 12286934 11801224 25831 10244 917826 2104904 12250 6830 17276 29526 2 0 1152 917826 1048576 524288 734003 308405 1007125 2644062 78328 187027 4532980 1478792 1820 0 78328 4 1 15 4 0
noise_high_qam64_bw20_bo070_seed53 1 64 20000 700000 6400 11464715 11092514 23003 9629 797751 2007687 91786 42980 10320 102106 0 0 1152 797751 1048576 524288 734003 308405 1014534 2504974 72963 189787 2491063 117897 0 0 72963 5 1 8 4 0
noise_high_qam64_bw20_bo070_seed67 1 64 20000 700000 6400 11262772 10870235 24789 9436 837399 1945236 212643 8565 1605 214248 0 0 1152 837399 1048576 524288 734003 308405 1012030 2754679 77963 187643 26229458 7915 0 0 77963 6 0 9 4 0
noise_high_qam64_bw40_bo058_seed41 1 64 40000 580000 6400 20316553 19859208 20927 8619 1297051 3408189 217737 18553 2999 220736 0 0 2304 1297051 1048576 1048576 608174 308405 1024972 2545951 66943 179954 12475528 14443 0 0 66943 1 1 0 1 0
noise_high_qam64_bw40_bo058_seed53 1 64 40000 580000 6400 18464452 18169230 21505 7886 1144610 3023211 138160 12368 2146 140306 0 0 2304 1144610 1048576 1048576 608174 308405 1031811 2859451 65001 174474 11895335 16287 0 0 65001 1 1 0 1 0
noise_high_qam64_bw40_bo058_seed67 1 64 40000 580000 6400 18411183 18149935 22039 7878 1131250 3097576 185005 10717 10015 195020 0 0 2304 1131250 1048576 1048576 608174 308405 1033697 2933431 64428 178956 19081207 56763 0 0 64428 1 1 0 1 0
noise_high_qam64_bw40_bo070_seed41 1 64 40000 700000 6400 24519917 23491680 23699 10196 1887569 4000991 218351 22285 20295 238646 0 0 2304 1887569 1048576 1048576 734003 308405 1004604 2437250 80720 178588 11229009 97462 0 0 80720 5 1 8 4 0
noise_high_qam64_bw40_bo070_seed53 1 64 40000 700000 6400 22284727 21557984 23742 9357 1586269 3575453 126142 7734 516 126658 1 0 2304 1586269 1048576 1048576 734003 308405 1014380 2660606 74640 173909 17172296 4289 455 0 74640 5 1 8 4 0
noise_high_qam64_bw40_bo070_seed67 1 64 40000 700000 6400 22220410 21487626 24551 9326 1607538 3648985 200365 4349 8165 208530 0 0 2304 1607538 1048576 1048576 734003 308405 1013996 2760411 75859 178067 50278122 42730 0 0 75859 6 0 9 4 0
thermal_mild_qam16_bw20_bo058_seed41 1 16 20000 580000 14080 10610651 10306342 22829 8946 637687 1995657 53830 8236 6606 60436 0 0 1152 637687 262144 524288 608174 678490 1018503 2675826 63018 203040 7694480 128681 0 0 63018 1 1 0 1 0
thermal_mild_qam16_bw20_bo058_seed53 1 16 20000 580000 14080 11645990 11271890 22429 9785 730016 1985099 21503 24125 8365 29868 0 0 1152 730016 262144 524288 608174 678490 1014893 2403527 65729 184665 1298191 407912 0 0 65729 1 1 0 1 0
thermal_mild_qam16_bw20_bo058_seed67 1 16 20000 580000 14080 9496237 9322786 22693 8093 533595 1536880 82143 10683 5101 87244 0 0 1152 533595 262144 524288 608174 678490 1029424 2940237 58920 172860 8563322 65116 0 0 58920 1 1 0 1 0
thermal_mild_qam16_bw20_bo070_seed41 1 16 20000 700000 14080 12805968 12159506 25429 10555 989138 2329588 70936 4722 8398 79334 2 0 1152 989138 262144 524288 734003 678490 995643 2526219 80992 200892 17617054 124139 1820 0 80992 6 0 14 4 0
thermal_mild_qam16_bw20_bo070_seed53 1 16 20000 700000 14080 14055500 13278700 24972 11527 1129804 2320337 22870 29682 8070 30940 1 0 1152 1129804 262144 524288 734003 678490 990625 2271627 84286 183230 1093017 370005 910 0 84286 6 0 6 3 0
thermal_mild_qam16_bw20_bo070_seed67 1 16 20000 700000 14080 11460990 11055159 25178 9596 770903 1818953 81281 13319 8791 90072 1 0 1152 770903 262144 524288 734003 678490 1011446 2751255 70531 172527 7091173 113409 910 0 70531 6 0 6 3 0
thermal_mild_qam16_bw40_bo058_seed41 1 16 40000 580000 14080 17579350 17345092 21387 7528 899814 2888791 15778 4580 352 16130 0 0 2304 899814 262144 1048576 608174 678490 1034603 2978998 53672 174638 3692911 23393 0 0 53672 1 1 0 1 0
thermal_mild_qam16_bw40_bo058_seed53 1 16 40000 580000 14080 17565934 17345894 22640 7529 907902 2890789 55196 3936 960 56156 0 0 2304 907902 262144 1048576 608174 678490 1035441 3153109 54196 174751 14960324 18237 0 0 54196 1 1 0 1 0
thermal_mild_qam16_bw40_bo058_seed67 1 16 40000 580000 14080 19436455 19012920 22724 8252 1115773 3328988 17445 4931 779 18224 0 0 2304 1115773 262144 1048576 608174 678490 1025727 2887523 60195 183596 3875329 46824 0 0 60195 1 1 0 1 0
thermal_mild_qam16_bw40_bo070_seed41 1 16 40000 700000 14080 21216480 20598229 24012 8940 1286115 3430095 21665 2263 1351 23016 0 0 2304 1286115 262144 1048576 734003 678490 1018020 2816377 63563 174613 10664616 65388 0 0 63563 5 1 8 4 0
thermal_mild_qam16_bw40_bo070_seed53 1 16 40000 700000 14080 21200300 20603165 25215 8942 1288139 3415758 69598 5560 2996 72594 1 0 2304 1288139 262144 1048576 734003 678490 1019041 2956815 63712 173841 13690706 45138 455 0 63712 5 1 8 4 0
thermal_mild_qam16_bw40_bo070_seed67 1 16 40000 700000 14080 23457789 22501093 25364 9766 1656910 3919531 21408 13062 1288 22696 2 0 2304 1656910 262144 1048576 734003 678490 1005811 2723334 74065 182655 1821963 63087 910 0 74065 6 0 6 3 0
thermal_mild_qam64_bw20_bo058_seed41 1 64 20000 580000 14080 10180568 9954924 22834 8641 577162 1753274 6976 11660 8352 15328 0 0 1152 577162 1048576 524288 608174 678490 1025335 2770881 59446 184677 1378437 1255405 0 0 59446 1 1 0 1 0
thermal_mild_qam64_bw20_bo058_seed53 1 64 20000 580000 14080 9499312 9333877 20075 8102 491759 1679470 82671 35587 12131 94802 0 0 1152 491759 1048576 524288 608174 678490 1030315 2598144 54283 188673 2793354 153866 0 0 54283 1 1 0 1 0
thermal_mild_qam64_bw20_bo058_seed67 1 64 20000 580000 14080 9332025 9157752 21854 7949 516147 1630761 173797 3323 13 173810 0 0 1152 516147 1048576 524288 608174 678490 1028994 2882826 57996 186725 54845921 78 0 0 57996 1 1 0 1 0
thermal_mild_qam64_bw20_bo070_seed41 1 64 20000 700000 14080 12286934 11779600 25324 10225 854062 2064157 6801 8417 9867 16668 2 0 1152 854062 1048576 524288 734003 678490 1005280 2596982 72886 183744 2076472 1521291 1820 0 72886 4 1 15 4 0
thermal_mild_qam64_bw20_bo070_seed53 1 64 20000 700000 14080 11464715 11077978 22463 9616 719949 1984761 95141 39921 15725 110866 0 0 1152 719949 1048576 524288 734003 678490 1013205 2449476 65847 187866 2912037 173310 0 0 65847 5 1 8 4 0
thermal_mild_qam64_bw20_bo070_seed67 1 64 20000 700000 14080 11262772 10847577 24535 9416 761125 1927557 202087 4791 659 202746 0 0 1152 761125 1048576 524288 734003 678490 1009921 2732244 70862 186326 44373740 3419 0 0 70862 6 0 9 4 0
thermal_mild_qam64_bw40_bo058_seed41 1 64 40000 580000 14080 20316553 19874544 20593 8626 1138067 3348849 212435 9217 5719 218154 0 0 2304 1138067 1048576 1048576 608174 678490 1025763 2503284 58738 176684 24818384 28229 0 0 58738 1 1 0 1 0
thermal_mild_qam64_bw40_bo058_seed53 1 64 40000 580000 14080 18464452 18166402 21686 7885 996304 2985560 114797 11961 5555 120352 0 0 2304 996304 1048576 1048576 608174 678490 1031650 2883883 56579 172328 10550808 50740 0 0 56579 1 1 0 1 0
thermal_mild_qam64_bw40_bo058_seed67 1 64 40000 580000 14080 18411183 18112237 22171 7861 990776 3055715 182624 6256 36 182660 0 0 2304 990776 1048576 1048576 608174 678490 1031550 2957382 56428 176905 30615872 207 0 0 56428 1 1 0 1 0
thermal_mild_qam64_bw40_bo070_seed41 1 64 40000 700000 14080 24519917 23502817 23433 10201 1713648 3952817 241558 4454 7684 249242 0 0 2304 1713648 1048576 1048576 734003 678490 1005080 2408713 73283 176355 58677409 33355 0 0 73283 6 0 9 4 0
thermal_mild_qam64_bw40_bo070_seed53 1 64 40000 700000 14080 22284727 21537140 23970 9348 1448405 3519158 124038 15056 2098 126136 1 0 2304 1448405 1048576 1048576 734003 678490 1013399 2688743 68153 171337 8784749 17736 455 0 68153 5 1 8 4 0
thermal_mild_qam64_bw40_bo070_seed67 1 64 40000 700000 14080 22220410 21483886 24911 9325 1450190 3604691 202413 6717 1249 203662 0 0 2304 1450190 1048576 1048576 734003 678490 1013820 2801188 68434 175936 31793224 6470 0 0 68434 6 0 9 4 0
thermal_drift_qam16_bw20_bo058_seed41 1 16 20000 580000 21760 10610651 10303869 22860 8944 780668 1983869 50448 4822 7082 57530 0 0 1152 780668 262144 524288 608174 1048576 1018259 2680059 77148 201889 12510281 147201 0 0 77148 1 1 0 1 0
thermal_drift_qam16_bw20_bo058_seed53 1 16 20000 580000 21760 11645990 11266156 22379 9780 898608 1983784 21930 21698 8110 30040 0 0 1152 898608 262144 524288 608174 1048576 1014377 2399395 80908 184637 1451711 387777 0 0 80908 1 1 0 1 0
thermal_drift_qam16_bw20_bo058_seed67 1 16 20000 580000 21760 9496237 9324457 22663 8094 679196 1540741 81013 10483 6111 87124 0 0 1152 679196 262144 524288 608174 1048576 1029608 2935987 74997 173263 8714694 79097 0 0 74997 1 1 0 1 0
thermal_drift_qam16_bw20_bo070_seed41 1 16 20000 700000 21760 12805968 12152462 25359 10549 1134566 2315429 73294 6788 4810 78104 2 0 1152 1134566 262144 524288 734003 1048576 995066 2520698 92900 199787 12065112 68814 1820 0 92900 6 0 14 4 0
thermal_drift_qam16_bw20_bo070_seed53 1 16 20000 700000 21760 14055500 13273634 25105 11522 1307312 2318421 23287 26719 7257 30544 1 0 1152 1307312 262144 524288 734003 1048576 990247 2284716 97529 183148 1198687 326771 910 0 97529 6 0 6 3 0
thermal_drift_qam16_bw20_bo070_seed67 1 16 20000 700000 21760 11460990 11048214 25173 9590 937934 1822347 82973 12955 6567 89540 1 0 1152 937934 262144 524288 734003 1048576 1010811 2752430 85812 172957 7247356 82991 910 0 85812 6 0 6 3 0
thermal_drift_qam16_bw40_bo058_seed41 1 16 40000 580000 21760 17579350 17339093 21326 7526 1171169 2894124 11263 5009 357 11620 0 0 2304 1171169 262144 1048576 608174 1048576 1034245 2971290 69858 175021 2432512 33236 0 0 69858 1 1 0 1 0
thermal_drift_qam16_bw40_bo058_seed53 1 16 40000 580000 21760 17565934 17351048 22609 7531 1202122 2895532 59021 3067 413 59434 0 0 2304 1202122 262144 1048576 608174 1048576 1035749 3147956 71759 174986 20319878 7337 0 0 71759 1 1 0 1 0
thermal_drift_qam16_bw40_bo058_seed67 1 16 40000 580000 21760 19436455 19006405 22850 8249 1418672 3323600 15593 2611 3585 19178 0 0 2304 1418672 262144 1048576 608174 1048576 1025375 2904590 76536 183362 7701873 241079 0 0 76536 1 1 0 1 0
thermal_drift_qam16_bw40_bo070_seed41 1 16 40000 700000 21760 21216480 20599835 23865 8941 1585269 3436063 12115 1045 2237 14352 0 0 2304 1585269 262144 1048576 734003 1048576 1018100 2798822 78348 174903 14401113 193617 0 0 78348 5 1 8 4 0
thermal_drift_qam16_bw40_bo070_seed53 1 16 40000 700000 21760 21200300 20614545 25337 8947 1606489 3420647 78820 5404 1968 80788 1 0 2304 1606489 262144 1048576 734003 1048576 1019604 2969461 79458 173994 15675862 26181 455 0 79458 5 1 8 4 0
thermal_drift_qam16_bw40_bo070_seed67 1 16 40000 700000 21760 23457789 22506346 25500 9768 1974237 3916094 22226 11194 962 23188 2 0 2304 1974237 262144 1048576 734003 1048576 1006046 2737376 88249 182452 2172090 45385 910 0 88249 6 0 6 3 0
thermal_drift_qam64_bw20_bo058_seed41 1 64 20000 580000 21760 10180568 9953577 22695 8640 739899 1744954 8751 11429 9937 18688 0 0 1152 739899 1048576 524288 608174 1048576 1025196 2754332 76208 183825 1714567 1190687 0 0 76208 1 1 0 1 0
thermal_drift_qam64_bw20_bo058_seed53 1 64 20000 580000 21760 9499312 9325215 19913 8095 644597 1681278 78957 31787 11735 90692 0 0 1152 644597 1048576 524288 608174 1048576 1029358 2579406 71153 189052 2991709 155845 0 0 71153 1 1 0 1 0
thermal_drift_qam64_bw20_bo058_seed67 1 64 20000 580000 21760 9332025 9154037 21885 7946 658816 1632636 173235 2293 813 174048 0 0 1152 658816 1048576 524288 608174 1048576 1028577 2888005 74027 187015 79591171 4921 0 0 74027 1 1 0 1 0
thermal_drift_qam64_bw20_bo070_seed41 1 64 20000 700000 21760 12286934 11773968 25344 10220 1028576 2053163 459 11431 11005 11464 2 0 1152 1028576 1048576 524288 734003 1048576 1004799 2600304 87779 182852 1051603 25140695 1820 0 87779 4 1 15 4 0
thermal_drift_qam64_bw20_bo070_seed53 1 64 20000 700000 21760 11464715 11069658 22295 9609 883827 1983268 90663 41435 12871 103534 0 0 1152 883827 1048576 524288 734003 1048576 1012444 2432928 80836 187866 2620086 148861 0 0 80836 5 1 8 4 0
thermal_drift_qam64_bw20_bo070_seed67 1 64 20000 700000 21760 11262772 10846107 24481 9415 914989 1929591 204328 4766 1444 205772 0 0 1152 914989 1048576 524288 734003 1048576 1009784 2726520 85186 186548 45272258 7410 0 0 85186 6 0 9 4 0
thermal_drift_qam64_bw40_bo058_seed41 1 64 40000 580000 21760 20316553 19885535 20667 8631 1455184 3343629 222608 5938 5124 227732 0 0 2304 1455184 1048576 1048576 608174 1048576 1026330 2510824 75105 176312 40214602 24136 0 0 75105 1 1 0 1 0
thermal_drift_qam64_bw40_bo058_seed53 1 64 40000 580000 21760 18464452 18159672 21612 7882 1283494 2989854 115354 11748 1528 116882 0 0 2304 1283494 1048576 1048576 608174 1048576 1031268 2875136 72888 172640 10432385 13890 0 0 72888 1 1 0 1 0
thermal_drift_qam64_bw40_bo058_seed67 1 64 40000 580000 21760 18411183 18120305 22272 7865 1281766 3059172 177675 5867 1281 178956 0 0 2304 1281766 1048576 1048576 608174 1048576 1032010 2969343 73001 177027 31983802 7560 0 0 73001 1 1 0 1 0
thermal_drift_qam64_bw40_bo070_seed41 1 64 40000 700000 21760 24519917 23516524 23413 10207 2052029 3949103 253900 10614 6716 260616 0 0 2304 2052029 1048576 1048576 734003 1048576 1005667 2405242 87753 176086 25746720 27736 0 0 87753 5 1 8 4 0
thermal_drift_qam64_bw40_bo070_seed53 1 64 40000 700000 21760 22284727 21535750 23926 9347 1758277 3523718 119862 17458 6086 125948 1 0 2304 1758277 1048576 1048576 734003 1048576 1013334 2684094 82733 171570 7564787 53242 455 0 82733 5 1 8 4 0
thermal_drift_qam64_bw40_bo070_seed67 1 64 40000 700000 21760 22220410 21489058 25030 9327 1765890 3609745 197845 7849 2079 199924 0 0 2304 1765890 1048576 1048576 734003 1048576 1014064 2813966 83332 176140 26708563 11019 0 0 83332 6 0 9 4 0
combined_stress_qam16_bw20_bo058_seed41 1 16 20000 580000 21760 10610651 8369374 18025 7265 2363729 1612239 50153 9113 5485 55638 0 0 1152 2363729 262144 524288 608174 1048576 827086 2601594 233591 201993 6401917 114678 0 0 233591 1 1 0 1 0
combined_stress_qam16_bw20_bo058_seed53 1 16 20000 580000 21760 11645990 9139793 17525 7934 2626991 1616390 8429 29947 18989 27418 0 0 1152 2626991 262144 524288 608174 1048576 822924 2316145 236528 185443 960025 2362251 0 0 236528 1 1 0 1 0
combined_stress_qam16_bw20_bo058_seed67 1 16 20000 580000 21760 9496237 7579779 17978 6580 2039032 1270853 54833 7871 7017 61850 0 0 1152 2039032 262144 524288 608174 1048576 836960 2864939 225150 175808 8239668 134187 0 0 225150 1 1 0 1 0
combined_stress_qam16_bw20_bo070_seed41 1 16 20000 700000 21760 12805968 9820129 19527 8524 3128727 1883351 64798 16594 17970 82768 2 0 1152 3128727 262144 524288 734003 1048576 804090 2402105 256186 201101 5230116 290795 1820 0 256186 6 0 14 4 0
combined_stress_qam16_bw20_bo070_seed53 1 16 20000 700000 21760 14055500 10714071 19446 9300 3484461 1879253 15885 42825 10571 26456 1 0 1152 3484461 262144 524288 734003 1048576 799297 2192539 259950 183921 647779 697796 910 0 259950 6 0 6 3 0
combined_stress_qam16_bw20_bo070_seed67 1 16 20000 700000 21760 11460990 8961020 19432 7779 2638296 1493789 50486 15608 1240 51726 1 0 1152 2638296 262144 524288 734003 1048576 819852 2619351 241380 174796 3475054 25754 910 0 241380 6 0 6 3 0
combined_stress_qam16_bw40_bo058_seed41 1 16 40000 580000 21760 17579350 14114012 16397 6126 3665040 2391056 14354 8600 5758 20112 0 0 2304 3665040 262144 1048576 608174 1048576 841875 2806644 218613 177639 2452205 420628 0 0 218613 1 1 0 1 0
combined_stress_qam16_bw40_bo058_seed53 1 16 40000 580000 21760 17565934 14137995 17789 6136 3667283 2381733 45769 2377 6219 51988 0 0 2304 3667283 262144 1048576 608174 1048576 843950 3039948 218914 176647 22933685 142478 0 0 218914 1 1 0 1 0
combined_stress_qam16_bw40_bo058_seed67 1 16 40000 580000 21760 19436455 15445513 18268 6704 4255966 2728600 5256 10400 12290 17546 0 0 2304 4255966 262144 1048576 608174 1048576 833269 2857307 229605 185241 1769069 2451864 0 0 229605 1 1 0 1 0
combined_stress_qam16_bw40_bo070_seed41 1 16 40000 700000 21760 21216480 16682703 18526 7241 4754979 2816956 20438 12872 11894 32332 0 0 2304 4754979 262144 1048576 734003 1048576 824504 2682767 235004 177057 2633822 610224 0 0 235004 6 0 5 3 0
combined_stress_qam16_bw40_bo070_seed53 1 16 40000 700000 21760 21200300 16727755 19425 7260 4738249 2807521 67704 8068 9084 76788 1 0 2304 4738249 262144 1048576 734003 1048576 827362 2805591 234356 175989 9979927 140690 455 0 234356 6 0 5 3 0
combined_stress_qam16_bw40_bo070_seed67 1 16 40000 700000 21760 23457789 18185768 19892 7893 5571833 3188846 16217 10927 4937 21154 2 0 2304 5571833 262144 1048576 734003 1048576 812914 2642629 249064 183866 2029979 319222 910 0 249064 6 0 6 3 0
combined_stress_qam64_bw20_bo058_seed41 1 64 20000 580000 21760 10180568 8081728 17847 7015 2223706 1439836 10382 5514 11930 22312 0 0 1152 2223706 1048576 524288 608174 1048576 832400 2667703 229037 186814 4242987 1204923 0 0 229037 1 1 0 1 0
combined_stress_qam64_bw20_bo058_seed53 1 64 20000 580000 21760 9499312 7575843 16137 6576 2041873 1374991 62282 31076 6960 69242 0 0 1152 2041873 1048576 524288 608174 1048576 836255 2573125 225391 190313 2336385 117178 0 0 225391 1 1 0 1 0
combined_stress_qam64_bw20_bo058_seed67 1 64 20000 580000 21760 9332025 7432774 17584 6452 1997673 1343861 147168 4696 566 147734 0 0 1152 1997673 1048576 524288 608174 1048576 835170 2857743 224465 189585 32987719 4033 0 0 224465 1 1 0 1 0
combined_stress_qam64_bw20_bo070_seed41 1 64 20000 700000 21760 12286934 9522030 19825 8266 2891932 1679113 4323 16457 6877 11200 2 0 1152 2891932 1048576 524288 734003 1048576 812617 2514883 246800 184906 713620 1668068 1820 0 246800 4 1 15 4 0
combined_stress_qam64_bw20_bo070_seed53 1 64 20000 700000 21760 11464715 8979949 17515 7795 2635480 1624238 64326 25864 3838 68164 0 0 1152 2635480 1048576 524288 734003 1048576 821316 2356101 241044 189660 2763499 62563 0 0 241044 6 0 5 3 0
combined_stress_qam64_bw20_bo070_seed67 1 64 20000 700000 21760 11262772 8775353 19099 7617 2606547 1575254 166991 6165 5739 172730 0 0 1152 2606547 1048576 524288 734003 1048576 816995 2629218 242672 188229 29378837 36037 0 0 242672 6 0 5 3 0
combined_stress_qam64_bw40_bo058_seed41 1 64 40000 580000 21760 20316553 16143941 16499 7007 4405244 2750903 175479 4837 5285 180764 0 0 2304 4405244 1048576 1048576 608174 1048576 833220 2469025 227363 178676 39186436 31581 0 0 227363 1 1 0 1 0
combined_stress_qam64_bw40_bo058_seed53 1 64 40000 580000 21760 18464452 14769719 17047 6410 3940975 2457065 90122 10732 3132 93254 0 0 2304 3940975 1048576 1048576 608174 1048576 838756 2788623 223804 174439 9111434 36441 0 0 223804 1 1 0 1 0
combined_stress_qam64_bw40_bo058_seed67 1 64 40000 580000 21760 18411183 14732952 17719 6395 3896639 2521221 131977 9537 5305 137282 0 0 2304 3896639 1048576 1048576 608174 1048576 839089 2905351 221926 179441 15093909 42149 0 0 221926 1 1 0 1 0
combined_stress_qam64_bw40_bo070_seed41 1 64 40000 700000 21760 24519917 18995177 18226 8244 5810596 3228668 204592 5224 3074 207666 0 0 2304 5810596 1048576 1048576 734003 1048576 812315 2318213 248486 178230 41683305 15755 0 0 248486 6 0 5 3 0
combined_stress_qam64_bw40_bo070_seed53 1 64 40000 700000 21760 22284727 17462006 18193 7579 5110905 2873021 85552 25002 1754 87306 1 0 2304 5110905 1048576 1048576 734003 1048576 821650 2517053 240486 172522 3661586 21498 455 0 240486 6 0 5 3 0
combined_stress_qam64_bw40_bo070_seed67 1 64 40000 700000 21760 22220410 17375326 19813 7541 5104228 2940754 147203 13499 6651 153854 0 0 2304 5104228 1048576 1048576 734003 1048576 819938 2754998 240867 177470 11951079 47377 0 0 240867 6 0 5 3 0
