# name valid f0..f12 package direct path path_len ood
baseline_qam16_bw20_bo058_seed41 1 262144 524288 608174 308405 1060349 2675028 51235 382190 11038207 62940 0 0 51235 1 1 0 1 0
baseline_qam16_bw20_bo058_seed53 1 262144 524288 608174 308405 1061581 2402483 51820 354701 4427664 134326 0 0 51820 1 1 0 1 0
baseline_qam16_bw20_bo058_seed67 1 262144 524288 608174 308405 1061681 2932143 50421 372471 2684832 297992 0 0 50421 1 1 0 1 0
baseline_qam16_bw20_bo070_seed41 1 262144 524288 734003 308405 1065244 2531923 64788 379910 10719002 80253 0 0 64788 6 0 13 4 0
baseline_qam16_bw20_bo070_seed53 1 262144 524288 734003 308405 1066224 2277944 64625 352359 4277696 127028 0 0 64625 6 0 4 3 0
baseline_qam16_bw20_bo070_seed67 1 262144 524288 734003 308405 1066482 2748703 62016 370757 2464781 320638 0 0 62016 6 0 4 3 0
baseline_qam16_bw40_bo058_seed41 1 262144 1048576 608174 308405 1058411 2984105 44439 353009 20841715 36489 0 0 44439 1 1 0 1 0
baseline_qam16_bw40_bo058_seed53 1 262144 1048576 608174 308405 1058814 3140961 43562 349985 37258584 101582 0 0 43562 1 1 0 1 0
baseline_qam16_bw40_bo058_seed67 1 262144 1048576 608174 308405 1061669 2868391 51229 368605 5057308 106040 0 0 51229 1 1 0 1 0
baseline_qam16_bw40_bo070_seed41 1 262144 1048576 734003 308405 1062657 2808638 53780 351661 18075901 37105 0 0 53780 6 0 12 4 0
baseline_qam16_bw40_bo070_seed53 1 262144 1048576 734003 308405 1062720 2960414 52707 348336 55048410 36430 0 0 52707 6 0 12 4 0
baseline_qam16_bw40_bo070_seed67 1 262144 1048576 734003 308405 1066758 2718785 63490 366716 5437361 139047 0 0 63490 6 0 4 3 0
baseline_qam64_bw20_bo058_seed41 1 1048576 524288 608174 308405 1059507 2778274 47436 364390 4904339 197677 0 0 47436 1 1 0 1 0
baseline_qam64_bw20_bo058_seed53 1 1048576 524288 608174 308405 1058104 2609845 43942 352310 5848374 109498 0 0 43942 1 1 0 1 0
baseline_qam64_bw20_bo058_seed67 1 1048576 524288 608174 308405 1060132 2880415 49067 363859 10942600 45607 0 0 49067 1 1 0 1 0
baseline_qam64_bw20_bo070_seed41 1 1048576 524288 734003 308405 1063776 2606225 58508 362433 5296665 225211 0 0 58508 4 1 11 4 0
baseline_qam64_bw20_bo070_seed53 1 1048576 524288 734003 308405 1062075 2461033 53431 350872 5482134 130607 0 0 53431 6 0 10 4 0
baseline_qam64_bw20_bo070_seed67 1 1048576 524288 734003 308405 1064796 2734621 60309 361621 11505743 41143 0 0 60309 6 0 13 4 0
baseline_qam64_bw40_bo058_seed41 1 1048576 1048576 608174 308405 1061737 2522666 48403 350972 8953590 62824 0 0 48403 1 1 0 1 0
baseline_qam64_bw40_bo058_seed53 1 1048576 1048576 608174 308405 1060578 2879864 47191 355507 10521177 59781 0 0 47191 1 1 0 1 0
baseline_qam64_bw40_bo058_seed67 1 1048576 1048576 608174 308405 1061344 2945166 47534 356339 12872185 55316 0 0 47534 1 1 0 1 0
baseline_qam64_bw40_bo070_seed41 1 1048576 1048576 734003 308405 1066663 2411483 60301 348865 10641169 87979 0 0 60301 6 0 12 4 0
baseline_qam64_bw40_bo070_seed53 1 1048576 1048576 734003 308405 1065103 2692740 57952 353978 11657235 42003 0 0 57952 6 0 12 4 0
baseline_qam64_bw40_bo070_seed67 1 1048576 1048576 734003 308405 1066247 2776598 58052 354758 13197637 51343 0 0 58052 6 0 13 4 0
gain_mid_low_qam16_bw20_bo058_seed41 1 262144 524288 608174 308405 1061485 2641683 54343 381810 10200397 55178 0 0 54343 1 1 0 1 0
gain_mid_low_qam16_bw20_bo058_seed53 1 262144 524288 608174 308405 1062636 2368201 54462 354448 4774431 139446 0 0 54462 1 1 0 1 0
gain_mid_low_qam16_bw20_bo058_seed67 1 262144 524288 608174 308405 1062758 2897328 52705 371909 2388616 266523 0 0 52705 1 1 0 1 0
gain_mid_low_qam16_bw20_bo070_seed41 1 262144 524288 734003 308405 1066720 2485778 69714 379139 9668482 85798 0 0 69714 6 0 13 4 0
gain_mid_low_qam16_bw20_bo070_seed53 1 262144 524288 734003 308405 1067792 2243585 69383 351760 4002672 169784 0 0 69383 6 0 4 3 0
gain_mid_low_qam16_bw20_bo070_seed67 1 262144 524288 734003 308405 1067742 2701248 66367 370028 2265704 317697 0 0 66367 6 0 4 3 0
gain_mid_low_qam16_bw40_bo058_seed41 1 262144 1048576 608174 308405 1059424 2943032 46591 352815 16561746 49076 0 0 46591 1 1 0 1 0
gain_mid_low_qam16_bw40_bo058_seed53 1 262144 1048576 608174 308405 1059660 3095368 45711 349580 34770131 50416 0 0 45711 1 1 0 1 0
gain_mid_low_qam16_bw40_bo058_seed67 1 262144 1048576 608174 308405 1062986 2847133 53690 368169 4454798 87625 0 0 53690 1 1 0 1 0
gain_mid_low_qam16_bw40_bo070_seed41 1 262144 1048576 734003 308405 1063769 2751039 57161 351465 16342379 42674 0 0 57161 6 0 12 4 0
gain_mid_low_qam16_bw40_bo070_seed53 1 262144 1048576 734003 308405 1063908 2905485 56109 348141 47921602 71663 0 0 56109 6 0 12 4 0
gain_mid_low_qam16_bw40_bo070_seed67 1 262144 1048576 734003 308405 1068196 2667191 67991 366270 4937498 119868 0 0 67991 6 0 4 3 0
gain_mid_low_qam64_bw20_bo058_seed41 1 1048576 524288 608174 308405 1060508 2737303 49939 363975 5428114 236333 0 0 49939 1 1 0 1 0
gain_mid_low_qam64_bw20_bo058_seed53 1 1048576 524288 608174 308405 1059089 2560626 45982 351925 5524962 123089 0 0 45982 1 1 0 1 0
gain_mid_low_qam64_bw20_bo058_seed67 1 1048576 524288 608174 308405 1061263 2835044 51703 363067 11682474 36299 0 0 51703 1 1 0 1 0
gain_mid_low_qam64_bw20_bo070_seed41 1 1048576 524288 734003 308405 1064999 2557937 62182 362113 5035926 215277 0 0 62182 4 1 11 4 0
gain_mid_low_qam64_bw20_bo070_seed53 1 1048576 524288 734003 308405 1063178 2436043 55685 350203 5281826 113614 0 0 55685 6 0 10 4 0
gain_mid_low_qam64_bw20_bo070_seed67 1 1048576 524288 734003 308405 1065783 2697785 64219 361291 11792343 43225 0 0 64219 6 0 13 4 0
gain_mid_low_qam64_bw40_bo058_seed41 1 1048576 1048576 608174 308405 1062810 2489620 50751 350482 9881256 63174 0 0 50751 1 1 0 1 0
gain_mid_low_qam64_bw40_bo058_seed53 1 1048576 1048576 608174 308405 1061884 2833675 49579 354979 12779566 79169 0 0 49579 1 1 0 1 0
gain_mid_low_qam64_bw40_bo058_seed67 1 1048576 1048576 608174 308405 1062422 2909876 49530 356025 10609026 62791 0 0 49530 1 1 0 1 0
gain_mid_low_qam64_bw40_bo070_seed41 1 1048576 1048576 734003 308405 1067994 2381280 64362 348484 10133582 79777 0 0 64362 6 0 12 4 0
gain_mid_low_qam64_bw40_bo070_seed53 1 1048576 1048576 734003 308405 1066537 2638442 61894 353631 10235979 53359 0 0 61894 6 0 12 4 0
gain_mid_low_qam64_bw40_bo070_seed67 1 1048576 1048576 734003 308405 1067553 2742126 61650 354333 14898850 52206 0 0 61650 6 0 13 4 0
gain_low_qam16_bw20_bo058_seed41 1 262144 524288 608174 308405 1062789 2612510 58261 380675 9038916 61495 0 0 58261 1 1 0 1 0
gain_low_qam16_bw20_bo058_seed53 1 262144 524288 608174 308405 1063861 2350197 58323 353861 4292691 99902 0 0 58323 1 1 0 1 0
gain_low_qam16_bw20_bo058_seed67 1 262144 524288 608174 308405 1064172 2828460 56393 371349 2410244 340305 0 0 56393 1 1 0 1 0
gain_low_qam16_bw20_bo070_seed41 1 262144 524288 734003 308405 1068056 2418337 75490 378286 9622683 76609 0 0 75490 6 0 13 4 0
gain_low_qam16_bw20_bo070_seed53 1 262144 524288 734003 308405 1069112 2187435 74830 351261 3934721 125607 0 0 74830 6 0 4 3 0
gain_low_qam16_bw20_bo070_seed67 1 262144 524288 734003 308405 1069695 2613433 71469 368759 2234664 316528 0 0 71469 6 0 4 3 0
gain_low_qam16_bw40_bo058_seed41 1 262144 1048576 608174 308405 1060673 2895575 49122 352446 17013772 49427 0 0 49122 1 1 0 1 0
gain_low_qam16_bw40_bo058_seed53 1 262144 1048576 608174 308405 1060657 3051763 47984 349216 54495527 49092 0 0 47984 1 1 0 1 0
gain_low_qam16_bw40_bo058_seed67 1 262144 1048576 608174 308405 1064422 2785712 57275 367687 5714850 116561 0 0 57275 1 1 0 1 0
gain_low_qam16_bw40_bo070_seed41 1 262144 1048576 734003 308405 1065152 2708541 61327 351033 16205727 54814 0 0 61327 6 0 12 4 0
gain_low_qam16_bw40_bo070_seed53 1 262144 1048576 734003 308405 1065187 2834981 59968 347382 82679620 85457 0 0 59968 6 0 12 4 0
gain_low_qam16_bw40_bo070_seed67 1 262144 1048576 734003 308405 1070144 2600045 73456 365543 5118197 117767 0 0 73456 6 0 4 3 0
gain_low_qam64_bw20_bo058_seed41 1 1048576 524288 608174 308405 1061712 2685775 53133 363441 4950483 191059 0 0 53133 1 1 0 1 0
gain_low_qam64_bw20_bo058_seed53 1 1048576 524288 608174 308405 1060263 2537989 48400 351462 5718785 101302 0 0 48400 1 1 0 1 0
gain_low_qam64_bw20_bo058_seed67 1 1048576 524288 608174 308405 1062477 2801185 54736 362696 11079930 35434 0 0 54736 1 1 0 1 0
gain_low_qam64_bw20_bo070_seed41 1 1048576 524288 734003 308405 1066450 2495721 67268 361357 5592713 152261 0 0 67268 4 1 11 4 0
gain_low_qam64_bw20_bo070_seed53 1 1048576 524288 734003 308405 1064890 2375430 60092 349685 4708890 127801 0 0 60092 6 0 10 4 0
gain_low_qam64_bw20_bo070_seed67 1 1048576 524288 734003 308405 1067274 2642462 68998 360642 10936642 36079 0 0 68998 6 0 13 4 0
gain_low_qam64_bw40_bo058_seed41 1 1048576 1048576 608174 308405 1064249 2461793 54552 349938 12713646 79985 0 0 54552 1 1 0 1 0
gain_low_qam64_bw40_bo058_seed53 1 1048576 1048576 608174 308405 1062855 2777055 52506 354708 11652922 60259 0 0 52506 1 1 0 1 0
gain_low_qam64_bw40_bo058_seed67 1 1048576 1048576 608174 308405 1063848 2865314 52629 355694 12121563 42369 0 0 52629 1 1 0 1 0
gain_low_qam64_bw40_bo070_seed41 1 1048576 1048576 734003 308405 1069562 2336620 70104 347710 8777357 82411 0 0 70104 6 0 12 4 0
gain_low_qam64_bw40_bo070_seed53 1 1048576 1048576 734003 308405 1068061 2570933 66753 352899 11721875 86054 0 0 66753 6 0 12 4 0
gain_low_qam64_bw40_bo070_seed67 1 1048576 1048576 734003 308405 1069217 2687762 66422 353570 14314506 41460 0 0 66422 6 0 12 4 0
gain_high_qam16_bw20_bo058_seed41 1 262144 524288 608174 308405 1059889 2690594 49349 382380 10185287 70943 0 0 49349 1 1 0 1 0
gain_high_qam16_bw20_bo058_seed53 1 262144 524288 608174 308405 1060591 2431671 49491 355356 4982955 138676 0 0 49491 1 1 0 1 0
gain_high_qam16_bw20_bo058_seed67 1 262144 524288 608174 308405 1060843 2956987 48294 372714 2506114 275353 0 0 48294 1 1 0 1 0
gain_high_qam16_bw20_bo070_seed41 1 262144 524288 734003 308405 1064376 2555689 62078 380124 11112800 61694 0 0 62078 6 0 13 4 0
gain_high_qam16_bw20_bo070_seed53 1 262144 524288 734003 308405 1065313 2309659 61780 352941 4384616 121404 0 0 61780 6 0 4 3 0
gain_high_qam16_bw20_bo070_seed67 1 262144 524288 734003 308405 1065572 2784794 59429 370994 2488679 304635 0 0 59429 6 0 4 3 0
gain_high_qam16_bw40_bo058_seed41 1 262144 1048576 608174 308405 1057912 3008406 43161 352966 20399817 50478 0 0 43161 1 1 0 1 0
gain_high_qam16_bw40_bo058_seed53 1 262144 1048576 608174 308405 1057911 3161271 42458 350290 24901937 124577 0 0 42458 1 1 0 1 0
gain_high_qam16_bw40_bo058_seed67 1 262144 1048576 608174 308405 1061077 2892060 49381 369004 5785454 121089 0 0 49381 1 1 0 1 0
gain_high_qam16_bw40_bo070_seed41 1 262144 1048576 734003 308405 1061709 2856338 51516 352141 23152152 42687 0 0 51516 6 0 12 4 0
gain_high_qam16_bw40_bo070_seed53 1 262144 1048576 734003 308405 1062062 2994276 50665 348743 29678300 53272 0 0 50665 6 0 12 4 0
gain_high_qam16_bw40_bo070_seed67 1 262144 1048576 734003 308405 1065833 2744456 60695 367082 4788582 113855 0 0 60695 6 0 4 3 0
gain_high_qam64_bw20_bo058_seed41 1 1048576 524288 608174 308405 1058821 2784020 46292 364824 5364274 190964 0 0 46292 1 1 0 1 0
gain_high_qam64_bw20_bo058_seed53 1 1048576 524288 608174 308405 1057541 2622323 42489 352700 5533252 106059 0 0 42489 1 1 0 1 0
gain_high_qam64_bw20_bo058_seed67 1 1048576 524288 608174 308405 1059507 2891174 47779 364213 11512971 37768 0 0 47779 1 1 0 1 0
gain_high_qam64_bw20_bo070_seed41 1 1048576 524288 734003 308405 1062901 2635358 56288 362408 5779751 211977 0 0 56288 6 0 13 4 0
gain_high_qam64_bw20_bo070_seed53 1 1048576 524288 734003 308405 1061232 2496614 50734 351136 5454832 93372 0 0 50734 6 0 10 4 0
gain_high_qam64_bw20_bo070_seed67 1 1048576 524288 734003 308405 1063861 2751310 57909 362034 11258545 32886 0 0 57909 6 0 13 4 0
gain_high_qam64_bw40_bo058_seed41 1 1048576 1048576 608174 308405 1061065 2530827 46552 351158 8788317 65675 0 0 46552 1 1 0 1 0
gain_high_qam64_bw40_bo058_seed53 1 1048576 1048576 608174 308405 1059983 2912352 45440 355568 8612652 49765 0 0 45440 1 1 0 1 0
gain_high_qam64_bw40_bo058_seed67 1 1048576 1048576 608174 308405 1060545 2957732 45895 356769 13546428 50911 0 0 45895 1 1 0 1 0
gain_high_qam64_bw40_bo070_seed41 1 1048576 1048576 734003 308405 1065666 2427577 57568 349420 11802700 71719 0 0 57568 6 0 12 4 0
gain_high_qam64_bw40_bo070_seed53 1 1048576 1048576 734003 308405 1064252 2726554 55511 354104 10241266 59055 0 0 55511 6 0 13 4 0
gain_high_qam64_bw40_bo070_seed67 1 1048576 1048576 734003 308405 1065254 2808368 55413 355082 13640002 61705 0 0 55413 6 0 13 4 0
sat_mid_qam16_bw20_bo058_seed41 1 262144 524288 608174 308405 1060654 2678731 51959 381947 9166326 84757 0 0 51959 1 1 0 1 0
sat_mid_qam16_bw20_bo058_seed53 1 262144 524288 608174 308405 1061302 2395574 51759 354866 5213227 137802 0 0 51759 1 1 0 1 0
sat_mid_qam16_bw20_bo058_seed67 1 262144 524288 608174 308405 1061803 2922370 50506 372322 2525595 243686 0 0 50506 1 1 0 1 0
sat_mid_qam16_bw20_bo070_seed41 1 262144 524288 734003 308405 1065551 2506706 65530 379546 8894667 56181 0 0 65530 6 0 13 4 0
sat_mid_qam16_bw20_bo070_seed53 1 262144 524288 734003 308405 1066313 2258153 65399 352322 4077541 128909 0 0 65399 6 0 4 3 0
sat_mid_qam16_bw20_bo070_seed67 1 262144 524288 734003 308405 1066676 2727955 62554 370160 2435219 314507 0 0 62554 6 0 4 3 0
sat_mid_qam16_bw40_bo058_seed41 1 262144 1048576 608174 308405 1058729 2973937 44688 353073 16591713 31887 0 0 44688 1 1 0 1 0
sat_mid_qam16_bw40_bo058_seed53 1 262144 1048576 608174 308405 1058771 3129246 43963 350017 57109729 48557 0 0 43963 1 1 0 1 0
sat_mid_qam16_bw40_bo058_seed67 1 262144 1048576 608174 308405 1062023 2855234 51687 368573 5225966 132870 0 0 51687 1 1 0 1 0
sat_mid_qam16_bw40_bo070_seed41 1 262144 1048576 734003 308405 1062870 2799049 54400 351849 18964090 37912 0 0 54400 6 0 12 4 0
sat_mid_qam16_bw40_bo070_seed53 1 262144 1048576 734003 308405 1062817 2940982 53153 348344 105200450 106019 0 0 53153 6 0 12 4 0
sat_mid_qam16_bw40_bo070_seed67 1 262144 1048576 734003 308405 1067284 2690252 64487 366445 5144358 93568 0 0 64487 6 0 4 3 0
sat_mid_qam64_bw20_bo058_seed41 1 1048576 524288 608174 308405 1059589 2763873 48142 364587 5306988 192723 0 0 48142 1 1 0 1 0
sat_mid_qam64_bw20_bo058_seed53 1 1048576 524288 608174 308405 1058327 2602666 44018 352094 6264529 102600 0 0 44018 1 1 0 1 0
sat_mid_qam64_bw20_bo058_seed67 1 1048576 524288 608174 308405 1060361 2863198 49766 363769 10400767 35739 0 0 49766 1 1 0 1 0
sat_mid_qam64_bw20_bo070_seed41 1 1048576 524288 734003 308405 1064050 2583607 59336 361982 5751027 185496 0 0 59336 6 0 13 4 0
sat_mid_qam64_bw20_bo070_seed53 1 1048576 524288 734003 308405 1062135 2452919 53177 350726 5311980 108023 0 0 53177 6 0 10 4 0
sat_mid_qam64_bw20_bo070_seed67 1 1048576 524288 734003 308405 1064922 2707880 60906 361604 11723248 46527 0 0 60906 6 0 13 4 0
sat_mid_qam64_bw40_bo058_seed41 1 1048576 1048576 608174 308405 1061921 2495446 48517 350946 9102474 65849 0 0 48517 1 1 0 1 0
sat_mid_qam64_bw40_bo058_seed53 1 1048576 1048576 608174 308405 1060755 2858330 47229 355266 13505175 59979 0 0 47229 1 1 0 1 0
sat_mid_qam64_bw40_bo058_seed67 1 1048576 1048576 608174 308405 1061526 2943894 47682 356397 10529704 40962 0 0 47682 1 1 0 1 0
sat_mid_qam64_bw40_bo070_seed41 1 1048576 1048576 734003 308405 1066870 2390796 61051 349016 9754691 66673 0 0 61051 6 0 12 4 0
sat_mid_qam64_bw40_bo070_seed53 1 1048576 1048576 734003 308405 1065458 2667909 58628 353744 9639783 38472 0 0 58628 6 0 12 4 0
sat_mid_qam64_bw40_bo070_seed67 1 1048576 1048576 734003 308405 1066529 2764204 58648 354393 14003704 71751 0 0 58648 6 0 13 4 0
sat_early_qam16_bw20_bo058_seed41 1 262144 524288 608174 308405 1060928 2643663 52450 381745 9426823 78764 0 0 52450 1 1 0 1 0
sat_early_qam16_bw20_bo058_seed53 1 262144 524288 608174 308405 1061738 2381628 52617 354755 4595777 125356 0 0 52617 1 1 0 1 0
sat_early_qam16_bw20_bo058_seed67 1 262144 524288 608174 308405 1062180 2890930 51084 372254 2592540 295565 0 0 51084 1 1 0 1 0
sat_early_qam16_bw20_bo070_seed41 1 262144 524288 734003 308405 1066064 2481750 67448 379383 9640411 65228 0 0 67448 6 0 13 4 0
sat_early_qam16_bw20_bo070_seed53 1 262144 524288 734003 308405 1067079 2225859 67601 352297 4560551 139888 0 0 67601 6 0 4 3 0
sat_early_qam16_bw20_bo070_seed67 1 262144 524288 734003 308405 1067379 2685067 64388 369849 2501858 319294 0 0 64388 6 0 4 3 0
sat_early_qam16_bw40_bo058_seed41 1 262144 1048576 608174 308405 1058750 2957466 45036 352837 16241585 44784 0 0 45036 1 1 0 1 0
sat_early_qam16_bw40_bo058_seed53 1 262144 1048576 608174 308405 1059010 3099285 44305 349951 24171073 46229 0 0 44305 1 1 0 1 0
sat_early_qam16_bw40_bo058_seed67 1 262144 1048576 608174 308405 1062241 2837107 52338 368418 4656680 81824 0 0 52338 1 1 0 1 0
sat_early_qam16_bw40_bo070_seed41 1 262144 1048576 734003 308405 1063402 2769215 55395 351529 17899448 50678 0 0 55395 6 0 12 4 0
sat_early_qam16_bw40_bo070_seed53 1 262144 1048576 734003 308405 1063321 2888698 54059 348045 26064236 15807 0 0 54059 6 0 12 4 0
sat_early_qam16_bw40_bo070_seed67 1 262144 1048576 734003 308405 1067844 2655017 66285 366397 5203500 100408 0 0 66285 6 0 4 3 0
sat_early_qam64_bw20_bo058_seed41 1 1048576 524288 608174 308405 1059828 2728152 48546 363946 4344301 215621 0 0 48546 1 1 0 1 0
sat_early_qam64_bw20_bo058_seed53 1 1048576 524288 608174 308405 1058311 2568772 44651 352223 5675289 94665 0 0 44651 1 1 0 1 0
sat_early_qam64_bw20_bo058_seed67 1 1048576 524288 608174 308405 1060449 2850176 49970 363386 11884253 41127 0 0 49970 1 1 0 1 0
sat_early_qam64_bw20_bo070_seed41 1 1048576 524288 734003 308405 1064642 2548285 60596 361851 5457757 215744 0 0 60596 4 1 11 4 0
sat_early_qam64_bw20_bo070_seed53 1 1048576 524288 734003 308405 1062651 2426853 54433 350263 5072555 126251 0 0 54433 6 0 10 4 0
sat_early_qam64_bw20_bo070_seed67 1 1048576 524288 734003 308405 1065305 2673911 62576 361609 11137513 38235 0 0 62576 6 0 13 4 0
sat_early_qam64_bw40_bo058_seed41 1 1048576 1048576 608174 308405 1061975 2497912 49006 350784 12057324 74842 0 0 49006 1 1 0 1 0
sat_early_qam64_bw40_bo058_seed53 1 1048576 1048576 608174 308405 1060996 2845082 47905 355226 15148603 45537 0 0 47905 1 1 0 1 0
sat_early_qam64_bw40_bo058_seed67 1 1048576 1048576 608174 308405 1061643 2909053 47821 356214 14202684 62629 0 0 47821 1 1 0 1 0
sat_early_qam64_bw40_bo070_seed41 1 1048576 1048576 734003 308405 1067384 2381438 62743 348494 8617177 70681 0 0 62743 6 0 12 4 0
sat_early_qam64_bw40_bo070_seed53 1 1048576 1048576 734003 308405 1065848 2641865 59954 353527 10636047 66316 0 0 59954 6 0 12 4 0
sat_early_qam64_bw40_bo070_seed67 1 1048576 1048576 734003 308405 1066923 2722152 59686 354528 13605874 81290 0 0 59686 6 0 13 4 0
memory_short_qam16_bw20_bo058_seed41 1 262144 524288 608174 308405 1059612 2719177 46120 382272 10137765 48268 0 0 46120 1 1 0 1 0
memory_short_qam16_bw20_bo058_seed53 1 262144 524288 608174 308405 1060508 2422473 46180 355355 4799026 132105 0 0 46180 1 1 0 1 0
memory_short_qam16_bw20_bo058_seed67 1 262144 524288 608174 308405 1060681 2970420 44624 372886 2666290 257462 0 0 44624 1 1 0 1 0
memory_short_qam16_bw20_bo070_seed41 1 262144 524288 734003 308405 1064266 2570879 58931 380369 9643666 65505 0 0 58931 6 0 13 4 0
memory_short_qam16_bw20_bo070_seed53 1 262144 524288 734003 308405 1065018 2312418 58602 352904 4226578 115273 0 0 58602 6 0 4 3 0
memory_short_qam16_bw20_bo070_seed67 1 262144 524288 734003 308405 1065350 2794335 55986 370641 2710746 314160 0 0 55986 6 0 4 3 0
memory_short_qam16_bw40_bo058_seed41 1 262144 1048576 608174 308405 1058043 3002567 39599 353116 22641219 24667 0 0 39599 1 1 0 1 0
memory_short_qam16_bw40_bo058_seed53 1 262144 1048576 608174 308405 1058197 3171213 38822 349858 32971684 61205 0 0 38822 1 1 0 1 0
memory_short_qam16_bw40_bo058_seed67 1 262144 1048576 608174 308405 1060822 2896178 45668 368820 4956335 122766 0 0 45668 1 1 0 1 0
memory_short_qam16_bw40_bo070_seed41 1 262144 1048576 734003 308405 1061639 2857237 48233 351654 13645423 30634 0 0 48233 6 0 12 4 0
memory_short_qam16_bw40_bo070_seed53 1 262144 1048576 734003 308405 1061748 3002909 47279 348757 14271358 65604 0 0 47279 6 0 12 4 0
memory_short_qam16_bw40_bo070_seed67 1 262144 1048576 734003 308405 1065412 2760926 57436 367343 4737462 143495 0 0 57436 6 0 4 3 0
memory_short_qam64_bw20_bo058_seed41 1 1048576 524288 608174 308405 1058733 2801844 42502 364601 5125215 219525 0 0 42502 1 1 0 1 0
memory_short_qam64_bw20_bo058_seed53 1 1048576 524288 608174 308405 1057304 2629512 39020 352883 6347145 110236 0 0 39020 1 1 0 1 0
memory_short_qam64_bw20_bo058_seed67 1 1048576 524288 608174 308405 1059335 2899954 43892 364368 10871568 53875 0 0 43892 1 1 0 1 0
memory_short_qam64_bw20_bo070_seed41 1 1048576 524288 734003 308405 1062896 2653496 52420 362795 4731490 229292 0 0 52420 4 1 11 4 0
memory_short_qam64_bw20_bo070_seed53 1 1048576 524288 734003 308405 1060965 2504440 47376 351301 5760141 120519 0 0 47376 6 0 12 4 0
memory_short_qam64_bw20_bo070_seed67 1 1048576 524288 734003 308405 1063400 2778822 54292 362490 10154878 40474 0 0 54292 6 0 13 4 0
memory_short_qam64_bw40_bo058_seed41 1 1048576 1048576 608174 308405 1060823 2539153 43352 351286 11231986 99942 0 0 43352 1 1 0 1 0
memory_short_qam64_bw40_bo058_seed53 1 1048576 1048576 608174 308405 1059718 2933139 42056 355414 13954519 83448 0 0 42056 1 1 0 1 0
memory_short_qam64_bw40_bo058_seed67 1 1048576 1048576 608174 308405 1060533 2970446 42133 356622 10927640 52053 0 0 42133 1 1 0 1 0
memory_short_qam64_bw40_bo070_seed41 1 1048576 1048576 734003 308405 1065472 2439760 54503 349365 8586343 72187 0 0 54503 6 0 12 4 0
memory_short_qam64_bw40_bo070_seed53 1 1048576 1048576 734003 308405 1064037 2756171 52337 354048 13581900 89947 0 0 52337 6 0 12 4 0
memory_short_qam64_bw40_bo070_seed67 1 1048576 1048576 734003 308405 1064922 2817044 52412 355045 12196870 49704 0 0 52412 6 0 13 4 0
noise_mid_qam16_bw20_bo058_seed41 1 262144 524288 608174 308405 1060231 2666083 53176 382184 8926805 64488 0 0 53176 1 1 0 1 0
noise_mid_qam16_bw20_bo058_seed53 1 262144 524288 608174 308405 1061509 2390598 53760 355426 4481251 161911 0 0 53760 1 1 0 1 0
noise_mid_qam16_bw20_bo058_seed67 1 262144 524288 608174 308405 1061583 2935636 51857 373019 2722388 292304 0 0 51857 1 1 0 1 0
noise_mid_qam16_bw20_bo070_seed41 1 262144 524288 734003 308405 1065043 2549925 66594 380052 9239289 91201 0 0 66594 6 0 13 4 0
noise_mid_qam16_bw20_bo070_seed53 1 262144 524288 734003 308405 1066114 2278550 66337 352770 3678080 83963 0 0 66337 6 0 4 3 0
noise_mid_qam16_bw20_bo070_seed67 1 262144 524288 734003 308405 1066232 2747381 63896 370775 2252380 289736 0 0 63896 6 0 4 3 0
noise_mid_qam16_bw40_bo058_seed41 1 262144 1048576 608174 308405 1058356 2989279 47114 354007 19347784 69359 0 0 47114 1 1 0 1 0
noise_mid_qam16_bw40_bo058_seed53 1 262144 1048576 608174 308405 1058495 3139733 45880 350617 24013457 74282 0 0 45880 1 1 0 1 0
noise_mid_qam16_bw40_bo058_seed67 1 262144 1048576 608174 308405 1061762 2874930 53224 369104 6323316 76717 0 0 53224 1 1 0 1 0
noise_mid_qam16_bw40_bo070_seed41 1 262144 1048576 734003 308405 1062535 2824222 56161 352006 31075032 65608 0 0 56161 6 0 12 4 0
noise_mid_qam16_bw40_bo070_seed53 1 262144 1048576 734003 308405 1062643 2961069 55057 348773 6824197 33914 0 0 55057 6 0 12 4 0
noise_mid_qam16_bw40_bo070_seed67 1 262144 1048576 734003 308405 1066931 2716034 65739 367269 4667291 56635 0 0 65739 6 0 4 3 0
noise_mid_qam64_bw20_bo058_seed41 1 1048576 524288 608174 308405 1059320 2772906 50758 365133 4964244 192069 0 0 50758 1 1 0 1 0
noise_mid_qam64_bw20_bo058_seed53 1 1048576 524288 608174 308405 1057722 2604105 46407 353149 5451136 96581 0 0 46407 1 1 0 1 0
noise_mid_qam64_bw20_bo058_seed67 1 1048576 524288 608174 308405 1059704 2873272 51465 364203 11192841 43450 0 0 51465 1 1 0 1 0
noise_mid_qam64_bw20_bo070_seed41 1 1048576 524288 734003 308405 1063716 2608889 60642 363132 4582160 216311 0 0 60642 4 1 11 4 0
noise_mid_qam64_bw20_bo070_seed53 1 1048576 524288 734003 308405 1062095 2451150 54644 351290 5242786 121172 0 0 54644 6 0 10 4 0
noise_mid_qam64_bw20_bo070_seed67 1 1048576 524288 734003 308405 1064295 2710785 61642 362460 15322497 47544 0 0 61642 6 0 13 4 0
noise_mid_qam64_bw40_bo058_seed41 1 1048576 1048576 608174 308405 1061725 2501878 50445 351271 14059218 92530 0 0 50445 1 1 0 1 0
noise_mid_qam64_bw40_bo058_seed53 1 1048576 1048576 608174 308405 1060533 2862787 49277 355628 11694550 78894 0 0 49277 1 1 0 1 0
noise_mid_qam64_bw40_bo058_seed67 1 1048576 1048576 608174 308405 1061083 2955620 49413 356725 10343445 67172 0 0 49413 1 1 0 1 0
noise_mid_qam64_bw40_bo070_seed41 1 1048576 1048576 734003 308405 1066332 2431045 61756 349477 20139223 120491 0 0 61756 6 0 12 4 0
noise_mid_qam64_bw40_bo070_seed53 1 1048576 1048576 734003 308405 1064887 2717629 60006 354370 8181080 46335 0 0 60006 6 0 13 4 0
noise_mid_qam64_bw40_bo070_seed67 1 1048576 1048576 734003 308405 1065955 2777700 60006 355272 13115091 32344 0 0 60006 6 0 13 4 0
noise_high_qam16_bw20_bo058_seed41 1 262144 524288 608174 308405 1058897 2642804 66891 386375 6232922 45729 0 0 66891 1 1 0 1 0
noise_high_qam16_bw20_bo058_seed53 1 262144 524288 608174 308405 1061369 2405515 65638 359266 9619599 202834 0 0 65638 1 1 0 1 0
noise_high_qam16_bw20_bo058_seed67 1 262144 524288 608174 308405 1060695 2935208 64573 377090 3357047 278960 0 0 64573 1 1 0 1 0
noise_high_qam16_bw20_bo070_seed41 1 262144 524288 734003 308405 1063867 2521584 75817 384314 30671915 63555 0 0 75817 6 0 13 4 0
noise_high_qam16_bw20_bo070_seed53 1 262144 524288 734003 308405 1065735 2330122 75838 357030 9728789 190539 0 0 75838 6 0 13 4 0
noise_high_qam16_bw20_bo070_seed67 1 262144 524288 734003 308405 1065972 2723415 73893 374211 1925070 436535 0 0 73893 6 0 4 3 0
noise_high_qam16_bw40_bo058_seed41 1 262144 1048576 608174 308405 1058702 2966450 61980 357034 7863795 80712 0 0 61980 1 1 0 1 0
noise_high_qam16_bw40_bo058_seed53 1 262144 1048576 608174 308405 1058036 3124462 61296 354415 9505904 77324 0 0 61296 1 1 0 1 0
noise_high_qam16_bw40_bo058_seed67 1 262144 1048576 608174 308405 1060589 2842536 65504 372663 4941770 389807 0 0 65504 1 1 0 1 0
noise_high_qam16_bw40_bo070_seed41 1 262144 1048576 734003 308405 1060840 2858709 68486 356629 29506734 64301 0 0 68486 6 0 13 4 0
noise_high_qam16_bw40_bo070_seed53 1 262144 1048576 734003 308405 1061487 2941619 67616 352578 12416804 390496 0 0 67616 6 0 12 4 0
noise_high_qam16_bw40_bo070_seed67 1 262144 1048576 734003 308405 1065841 2699262 76958 370108 7994834 127804 0 0 76958 6 0 13 4 0
noise_high_qam64_bw20_bo058_seed41 1 1048576 524288 608174 308405 1058456 2766854 62706 369229 4686128 180944 0 0 62706 1 1 0 1 0
noise_high_qam64_bw20_bo058_seed53 1 1048576 524288 608174 308405 1056710 2625037 59849 356258 6054687 180835 0 0 59849 1 1 0 1 0
noise_high_qam64_bw20_bo058_seed67 1 1048576 524288 608174 308405 1059576 2898221 65032 367768 11583720 29000 0 0 65032 1 1 0 1 0
noise_high_qam64_bw20_bo070_seed41 1 1048576 524288 734003 308405 1062992 2646074 71299 367264 3728765 353921 0 0 71299 4 1 11 4 0
noise_high_qam64_bw20_bo070_seed53 1 1048576 524288 734003 308405 1060849 2511354 66842 354939 3989490 85720 0 0 66842 6 0 10 4 0
noise_high_qam64_bw20_bo070_seed67 1 1048576 524288 734003 308405 1063059 2748769 74192 366779 7994657 69996 0 0 74192 6 0 13 4 0
noise_high_qam64_bw40_bo058_seed41 1 1048576 1048576 608174 308405 1060506 2545483 63568 356223 7084549 67178 0 0 63568 1 1 0 1 0
noise_high_qam64_bw40_bo058_seed53 1 1048576 1048576 608174 308405 1059750 2855327 63140 359685 24370682 102636 0 0 63140 1 1 0 1 0
noise_high_qam64_bw40_bo058_seed67 1 1048576 1048576 608174 308405 1060622 2935027 62921 360044 17151401 119433 0 0 62921 1 1 0 1 0
noise_high_qam64_bw40_bo070_seed41 1 1048576 1048576 734003 308405 1065475 2425505 72228 354066 14078510 214515 0 0 72228 6 0 13 4 0
noise_high_qam64_bw40_bo070_seed53 1 1048576 1048576 734003 308405 1063960 2666529 70116 358620 39841312 62092 0 0 70116 6 0 13 4 0
noise_high_qam64_bw40_bo070_seed67 1 1048576 1048576 734003 308405 1065835 2754451 71557 359229 15620684 133519 0 0 71557 6 0 13 4 0
thermal_mild_qam16_bw20_bo058_seed41 1 262144 524288 608174 678490 1059526 2676201 59379 382342 9030715 72402 0 0 59379 1 1 0 1 0
thermal_mild_qam16_bw20_bo058_seed53 1 262144 524288 608174 678490 1060968 2404200 60863 355107 4811905 156424 0 0 60863 1 1 0 1 0
thermal_mild_qam16_bw20_bo058_seed67 1 262144 524288 608174 678490 1061282 2939230 58616 372537 2732182 251801 0 0 58616 1 1 0 1 0
thermal_mild_qam16_bw20_bo070_seed41 1 262144 524288 734003 678490 1064571 2529591 71906 379670 10190460 71439 0 0 71906 6 0 13 4 0
thermal_mild_qam16_bw20_bo070_seed53 1 262144 524288 734003 678490 1065550 2276876 72747 352839 4082117 126888 0 0 72747 6 0 4 3 0
thermal_mild_qam16_bw20_bo070_seed67 1 262144 524288 734003 678490 1066185 2755220 69840 370656 2373968 290082 0 0 69840 6 0 4 3 0
thermal_mild_qam16_bw40_bo058_seed41 1 262144 1048576 608174 678490 1058199 2975755 53055 352718 18193966 28595 0 0 53055 1 1 0 1 0
thermal_mild_qam16_bw40_bo058_seed53 1 262144 1048576 608174 678490 1058491 3156492 53365 349882 17733469 50692 0 0 53365 1 1 0 1 0
thermal_mild_qam16_bw40_bo058_seed67 1 262144 1048576 608174 678490 1061154 2887300 59874 368723 4875373 96000 0 0 59874 1 1 0 1 0
thermal_mild_qam16_bw40_bo070_seed41 1 262144 1048576 734003 678490 1062011 2817528 61512 351785 13165655 50624 0 0 61512 6 0 12 4 0
thermal_mild_qam16_bw40_bo070_seed53 1 262144 1048576 734003 678490 1062364 2955967 61446 348289 56502224 57783 0 0 61446 6 0 12 4 0
thermal_mild_qam16_bw40_bo070_seed67 1 262144 1048576 734003 678490 1066051 2720361 71240 366741 5116929 92418 0 0 71240 6 0 4 3 0
thermal_mild_qam64_bw20_bo058_seed41 1 1048576 524288 608174 678490 1058602 2770892 56454 364576 4320511 226452 0 0 56454 1 1 0 1 0
thermal_mild_qam64_bw20_bo058_seed53 1 1048576 524288 608174 678490 1056659 2594623 52972 352438 5118630 111243 0 0 52972 1 1 0 1 0
thermal_mild_qam64_bw20_bo058_seed67 1 1048576 524288 608174 678490 1059239 2881245 58009 363515 11289473 40918 0 0 58009 1 1 0 1 0
thermal_mild_qam64_bw20_bo070_seed41 1 1048576 524288 734003 678490 1062973 2597776 66124 362313 4406775 235352 0 0 66124 4 1 11 4 0
thermal_mild_qam64_bw20_bo070_seed53 1 1048576 524288 734003 678490 1060660 2456643 61378 351216 5458827 146904 0 0 61378 6 0 10 4 0
thermal_mild_qam64_bw20_bo070_seed67 1 1048576 524288 734003 678490 1063489 2724711 68312 361555 10631040 33897 0 0 68312 6 0 13 4 0
thermal_mild_qam64_bw40_bo058_seed41 1 1048576 1048576 608174 678490 1061883 2503477 56825 350896 11723979 77627 0 0 56825 1 1 0 1 0
thermal_mild_qam64_bw40_bo058_seed53 1 1048576 1048576 608174 678490 1060216 2880964 56185 355398 19306025 75647 0 0 56185 1 1 0 1 0
thermal_mild_qam64_bw40_bo058_seed67 1 1048576 1048576 608174 678490 1060712 2956717 56386 356502 14027083 50803 0 0 56386 1 1 0 1 0
thermal_mild_qam64_bw40_bo070_seed41 1 1048576 1048576 734003 678490 1066582 2403927 67489 349003 12804392 98930 0 0 67489 6 0 12 4 0
thermal_mild_qam64_bw40_bo070_seed53 1 1048576 1048576 734003 678490 1064565 2694752 65876 353854 13180411 61083 0 0 65876 6 0 12 4 0
thermal_mild_qam64_bw40_bo070_seed67 1 1048576 1048576 734003 678490 1065674 2794277 66155 354846 14373405 52019 0 0 66155 6 0 13 4 0
thermal_drift_qam16_bw20_bo058_seed41 1 262144 524288 608174 1048576 1058210 2680722 76111 382067 10503805 91547 0 0 76111 1 1 0 1 0
thermal_drift_qam16_bw20_bo058_seed53 1 262144 524288 608174 1048576 1059297 2399752 77141 355335 4781796 123436 0 0 77141 1 1 0 1 0
thermal_drift_qam16_bw20_bo058_seed67 1 262144 524288 608174 1048576 1060009 2934956 74809 372902 2643437 279613 0 0 74809 1 1 0 1 0
thermal_drift_qam16_bw20_bo070_seed41 1 262144 524288 734003 1048576 1062763 2525573 86126 379623 9893039 59070 0 0 86126 6 0 7 3 0
thermal_drift_qam16_bw20_bo070_seed53 1 262144 524288 734003 1048576 1064071 2290335 88287 352882 4594376 107113 0 0 88287 6 0 4 3 0
thermal_drift_qam16_bw20_bo070_seed67 1 262144 524288 734003 1048576 1064611 2756301 84791 370589 2403651 295817 0 0 84791 6 0 4 3 0
thermal_drift_qam16_bw40_bo058_seed41 1 262144 1048576 608174 1048576 1056543 2967851 69573 353238 17339567 35605 0 0 69573 1 1 0 1 0
thermal_drift_qam16_bw40_bo058_seed53 1 262144 1048576 608174 1048576 1057504 3150910 71520 349811 59310860 22610 0 0 71520 1 1 0 1 0
thermal_drift_qam16_bw40_bo058_seed67 1 262144 1048576 608174 1048576 1059707 2904402 76560 368778 5548210 130655 0 0 76560 1 1 0 1 0
thermal_drift_qam16_bw40_bo070_seed41 1 262144 1048576 734003 1048576 1060712 2799805 76780 352094 15006826 49285 0 0 76780 6 0 12 4 0
thermal_drift_qam16_bw40_bo070_seed53 1 262144 1048576 734003 1048576 1061405 2968301 78083 348386 40995828 30208 0 0 78083 6 0 12 4 0
thermal_drift_qam16_bw40_bo070_seed67 1 262144 1048576 734003 1048576 1064956 2735323 86757 367009 5150757 85499 0 0 86757 6 0 4 3 0
thermal_drift_qam64_bw20_bo058_seed41 1 1048576 524288 608174 1048576 1056967 2754337 74076 364605 4294068 266880 0 0 74076 1 1 0 1 0
thermal_drift_qam64_bw20_bo058_seed53 1 1048576 524288 608174 1048576 1054364 2577744 71128 353256 5680695 132012 0 0 71128 1 1 0 1 0
thermal_drift_qam64_bw20_bo058_seed67 1 1048576 524288 608174 1048576 1057224 2884451 74512 363050 11658229 38690 0 0 74512 1 1 0 1 0
thermal_drift_qam64_bw20_bo070_seed41 1 1048576 524288 734003 1048576 1061107 2600115 82021 362616 3919286 305549 0 0 82021 4 1 11 4 0
thermal_drift_qam64_bw20_bo070_seed53 1 1048576 524288 734003 1048576 1058487 2442641 77677 351351 4948674 122682 0 0 77677 6 0 10 4 0
thermal_drift_qam64_bw20_bo070_seed67 1 1048576 524288 734003 1048576 1061431 2717333 83708 361150 12668527 44344 0 0 83708 6 0 7 3 0
thermal_drift_qam64_bw40_bo058_seed41 1 1048576 1048576 608174 1048576 1061404 2511295 73162 350801 11443196 79035 0 0 73162 1 1 0 1 0
thermal_drift_qam64_bw40_bo058_seed53 1 1048576 1048576 608174 1048576 1058729 2873184 72920 355638 12068559 40348 0 0 72920 1 1 0 1 0
thermal_drift_qam64_bw40_bo058_seed67 1 1048576 1048576 608174 1048576 1059769 2967330 73054 356662 12648215 50932 0 0 73054 1 1 0 1 0
thermal_drift_qam64_bw40_bo070_seed41 1 1048576 1048576 734003 1048576 1066077 2400608 82493 348982 11624270 82259 0 0 82493 6 0 7 3 0
thermal_drift_qam64_bw40_bo070_seed53 1 1048576 1048576 734003 1048576 1063294 2691741 81615 354004 12776424 83752 0 0 81615 6 0 12 4 0
thermal_drift_qam64_bw40_bo070_seed67 1 1048576 1048576 734003 1048576 1064637 2806341 81482 355028 12740990 51667 0 0 81482 6 0 13 4 0
combined_stress_qam16_bw20_bo058_seed41 1 262144 524288 608174 1048576 1060755 2605290 91603 385298 9309134 203232 0 0 91603 1 1 0 1 0
combined_stress_qam16_bw20_bo058_seed53 1 262144 524288 608174 1048576 1062398 2320750 91675 358290 3641918 342765 0 0 91675 1 1 0 1 0
combined_stress_qam16_bw20_bo058_seed67 1 262144 524288 608174 1048576 1061577 2866778 91606 376173 2064775 258089 0 0 91606 1 1 0 1 0
combined_stress_qam16_bw20_bo070_seed41 1 262144 524288 734003 1048576 1065579 2405524 103305 382741 7743801 146422 0 0 103305 6 0 7 3 0
combined_stress_qam16_bw20_bo070_seed53 1 262144 524288 734003 1048576 1066301 2188513 105054 356096 2340095 109971 0 0 105054 6 0 4 3 0
combined_stress_qam16_bw20_bo070_seed67 1 262144 524288 734003 1048576 1067395 2628326 101935 373701 1568684 278751 0 0 101935 6 0 4 3 0
combined_stress_qam16_bw40_bo058_seed41 1 262144 1048576 608174 1048576 1058029 2805465 84380 357273 9728855 41539 0 0 84380 1 1 0 1 0
combined_stress_qam16_bw40_bo058_seed53 1 262144 1048576 608174 1048576 1059044 3040734 88106 353768 13007718 84262 0 0 88106 1 1 0 1 0
combined_stress_qam16_bw40_bo058_seed67 1 262144 1048576 608174 1048576 1061420 2855187 92686 372811 3890026 185164 0 0 92686 1 1 0 1 0
combined_stress_qam16_bw40_bo070_seed41 1 262144 1048576 734003 1048576 1061590 2688256 92807 355473 40057809 93572 0 0 92807 6 0 7 3 0
combined_stress_qam16_bw40_bo070_seed53 1 262144 1048576 734003 1048576 1063591 2802831 93862 352299 7503809 91710 0 0 93862 6 0 7 3 0
combined_stress_qam16_bw40_bo070_seed67 1 262144 1048576 734003 1048576 1066795 2637131 103095 369876 11432989 203664 0 0 103095 6 0 7 3 0
combined_stress_qam64_bw20_bo058_seed41 1 1048576 524288 608174 1048576 1058415 2667403 89503 369140 3205417 295468 0 0 89503 1 1 0 1 0
combined_stress_qam64_bw20_bo058_seed53 1 1048576 524288 608174 1048576 1055181 2573605 86559 356344 6091067 100447 0 0 86559 1 1 0 1 0
combined_stress_qam64_bw20_bo058_seed67 1 1048576 524288 608174 1048576 1058562 2851686 89282 366556 13553811 62669 0 0 89282 1 1 0 1 0
combined_stress_qam64_bw20_bo070_seed41 1 1048576 524288 734003 1048576 1062597 2517533 97863 366683 4323067 151299 0 0 97863 4 1 11 4 0
combined_stress_qam64_bw20_bo070_seed53 1 1048576 524288 734003 1048576 1060114 2376675 92682 355196 5559580 40819 0 0 92682 6 0 10 4 0
combined_stress_qam64_bw20_bo070_seed67 1 1048576 524288 734003 1048576 1064185 2616896 99283 364670 15537766 64653 0 0 99283 6 0 7 3 0
combined_stress_qam64_bw40_bo058_seed41 1 1048576 1048576 608174 1048576 1063131 2465796 88443 355126 11921279 79620 0 0 88443 1 1 0 1 0
combined_stress_qam64_bw40_bo058_seed53 1 1048576 1048576 608174 1048576 1060452 2793140 88904 359863 5976280 71687 0 0 88904 1 1 0 1 0
combined_stress_qam64_bw40_bo058_seed67 1 1048576 1048576 608174 1048576 1061066 2900507 88041 361102 14586656 96562 0 0 88041 1 1 0 1 0
combined_stress_qam64_bw40_bo070_seed41 1 1048576 1048576 734003 1048576 1068203 2308105 99279 351800 14881218 96328 0 0 99279 6 0 7 3 0
combined_stress_qam64_bw40_bo070_seed53 1 1048576 1048576 734003 1048576 1065775 2523729 97617 356568 6625204 59720 0 0 97617 6 0 7 3 0
combined_stress_qam64_bw40_bo070_seed67 1 1048576 1048576 734003 1048576 1066274 2742742 98580 357984 5898833 84164 0 0 98580 6 0 7 3 0
threshold_0_0 1 655360 786432 608174 678490 1062254 2679324 71938 366878 53384567 226171 0 0 71938 1 1 0 1 0
threshold_0_1 1 655360 786432 608175 678490 1062254 2679324 71938 366878 53384567 226171 0 0 71938 6 0 13 4 0
threshold_1_0 1 655360 786432 671088 678490 1062254 2679324 71938 366878 5592713 226171 0 0 71938 6 0 11 4 1
threshold_1_1 1 655360 786432 671088 678490 1062254 2679324 71938 366878 5592714 226171 0 0 71938 6 0 13 4 0
threshold_2_0 1 262144 786432 671088 678490 1062254 2679324 71938 366878 53384567 226171 0 0 71938 6 0 13 4 0
threshold_2_1 1 262145 786432 671088 678490 1062254 2679324 71938 366878 53384567 226171 0 0 71938 6 0 13 4 0
threshold_3_0 1 655360 786432 671088 678490 1062254 2679324 71938 355196 53384567 226171 0 0 71938 6 0 13 4 0
threshold_3_1 1 655360 786432 671088 678490 1062254 2679324 71938 355197 53384567 226171 0 0 71938 6 0 13 4 0
threshold_4_0 1 655360 786432 671088 678490 1062254 2679324 81615 366878 53384567 226171 0 0 71938 6 0 13 4 0
threshold_4_1 1 655360 786432 671088 678490 1062254 2679324 81616 366878 53384567 226171 0 0 71938 6 0 7 3 0
threshold_5_0 1 655360 786432 671088 678490 1062254 2679324 71938 354048 53384567 226171 0 0 71938 6 0 12 4 0
threshold_5_1 1 655360 786432 671088 678490 1062254 2679324 71938 354049 53384567 226171 0 0 71938 6 0 13 4 0
ood_0_lo 1 262143 786432 671088 678490 1062254 2679324 71938 366878 53384567 226171 0 0 71938 6 0 0 0 1
ood_0_hi 1 1048577 786432 671088 678490 1062254 2679324 71938 366878 53384567 226171 0 0 71938 6 0 0 0 1
ood_1_lo 1 655360 524287 671088 678490 1062254 2679324 71938 366878 53384567 226171 0 0 71938 6 0 0 0 1
ood_1_hi 1 655360 1048577 671088 678490 1062254 2679324 71938 366878 53384567 226171 0 0 71938 6 0 0 0 1
ood_2_lo 1 655360 786432 608173 678490 1062254 2679324 71938 366878 53384567 226171 0 0 71938 6 0 0 0 1
ood_2_hi 1 655360 786432 734004 678490 1062254 2679324 71938 366878 53384567 226171 0 0 71938 6 0 0 0 1
ood_3_lo 1 655360 786432 671088 308404 1062254 2679324 71938 366878 53384567 226171 0 0 71938 6 0 0 0 1
ood_3_hi 1 655360 786432 671088 1048577 1062254 2679324 71938 366878 53384567 226171 0 0 71938 6 0 0 0 1
ood_4_lo 1 655360 786432 671088 678490 1054363 2679324 71938 366878 53384567 226171 0 0 71938 6 0 0 0 1
ood_4_hi 1 655360 786432 671088 678490 1070145 2679324 71938 366878 53384567 226171 0 0 71938 6 0 0 0 1
ood_5_lo 1 655360 786432 671088 678490 1062254 2187434 71938 366878 53384567 226171 0 0 71938 6 0 0 0 1
ood_5_hi 1 655360 786432 671088 678490 1062254 3171214 71938 366878 53384567 226171 0 0 71938 6 0 0 0 1
ood_6_lo 1 655360 786432 671088 678490 1062254 2679324 38821 366878 53384567 226171 0 0 71938 6 0 0 0 1
ood_6_hi 1 655360 786432 671088 678490 1062254 2679324 105055 366878 53384567 226171 0 0 71938 6 0 0 0 1
ood_7_lo 1 655360 786432 671088 678490 1062254 2679324 71938 347381 53384567 226171 0 0 71938 6 0 0 0 1
ood_7_hi 1 655360 786432 671088 678490 1062254 2679324 71938 386376 53384567 226171 0 0 71938 6 0 0 0 1
ood_8_lo 1 655360 786432 671088 678490 1062254 2679324 71938 366878 1568683 226171 0 0 71938 6 0 0 0 1
ood_8_hi 1 655360 786432 671088 678490 1062254 2679324 71938 366878 105200451 226171 0 0 71938 6 0 0 0 1
ood_9_lo 1 655360 786432 671088 678490 1062254 2679324 71938 366878 53384567 15806 0 0 71938 6 0 0 0 1
ood_9_hi 1 655360 786432 671088 678490 1062254 2679324 71938 366878 53384567 436536 0 0 71938 6 0 0 0 1
ood_10_lo 1 655360 786432 671088 678490 1062254 2679324 71938 366878 53384567 226171 -1 0 71938 6 0 0 0 1
ood_10_hi 1 655360 786432 671088 678490 1062254 2679324 71938 366878 53384567 226171 1 0 71938 6 0 0 0 1
ood_11_lo 1 655360 786432 671088 678490 1062254 2679324 71938 366878 53384567 226171 0 -1 71938 6 0 0 0 1
ood_11_hi 1 655360 786432 671088 678490 1062254 2679324 71938 366878 53384567 226171 0 1 71938 6 0 0 0 1
ood_12_lo 1 655360 786432 671088 678490 1062254 2679324 71938 366878 53384567 226171 0 0 38821 6 0 0 0 1
ood_12_hi 1 655360 786432 671088 678490 1062254 2679324 71938 366878 53384567 226171 0 0 105055 6 0 0 0 1
envelope_0_4_hi 1 262144 524288 608174 308405 1064423 2675028 51235 382190 11038207 62940 0 0 51235 6 0 0 1 1
envelope_11_0_lo 1 1048575 524288 734003 308405 1063776 2606225 58508 362433 5296665 225211 0 0 58508 6 0 11 4 1
invalid 0 655360 786432 671088 678490 1062254 2679324 71938 366878 53384567 226171 0 0 71938 6 0 0 0 1
