# name valid f0..f12 package direct path path_len ood
baseline_qam16_bw20_bo058_seed41 1 262144 524288 608174 308405 1018159 2674965 57013 203561 11226078 96902 0 0 57013 1 1 0 1 0
baseline_qam16_bw20_bo058_seed53 1 262144 524288 608174 308405 1015211 2401719 57622 184609 1244750 268829 0 0 57622 1 1 0 1 0
baseline_qam16_bw20_bo058_seed67 1 262144 524288 608174 308405 1029260 2933576 50438 172500 8452182 115697 0 0 50438 1 1 0 1 0
baseline_qam16_bw20_bo070_seed41 1 262144 524288 734003 308405 996069 2528796 75121 201732 22825150 122601 1820 0 75121 6 0 14 4 0
baseline_qam16_bw20_bo070_seed53 1 262144 524288 734003 308405 991006 2273385 77244 183243 1351094 380169 910 0 77244 6 0 6 3 0
baseline_qam16_bw20_bo070_seed67 1 262144 524288 734003 308405 1011234 2745053 62997 172207 6113557 107856 910 0 62997 6 0 6 3 0
baseline_qam16_bw40_bo058_seed41 1 262144 1048576 608174 308405 1034316 2987174 45811 174565 3773761 10486 0 0 45811 1 1 0 1 0
baseline_qam16_bw40_bo058_seed53 1 262144 1048576 608174 308405 1035398 3137371 45165 174682 19847955 79149 0 0 45165 1 1 0 1 0
baseline_qam16_bw40_bo058_seed67 1 262144 1048576 608174 308405 1025558 2868302 52442 183797 1633785 60281 0 0 52442 1 1 0 1 0
baseline_qam16_bw40_bo070_seed41 1 262144 1048576 734003 308405 1018529 2807183 56188 174309 2987246 31968 0 0 56188 5 1 8 4 0
baseline_qam16_bw40_bo070_seed53 1 262144 1048576 734003 308405 1019071 2960940 55705 173635 20508202 9111 455 0 55705 5 1 8 4 0
baseline_qam16_bw40_bo070_seed67 1 262144 1048576 734003 308405 1005765 2722153 67062 182911 3081822 255064 910 0 67062 6 0 6 3 0
baseline_qam64_bw20_bo058_seed41 1 1048576 524288 608174 308405 1025900 2778253 50860 185199 1194934 2746722 0 0 50860 1 1 0 1 0
baseline_qam64_bw20_bo058_seed53 1 1048576 524288 608174 308405 1031357 2613619 46234 188622 3231273 150976 0 0 46234 1 1 0 1 0
baseline_qam64_bw20_bo058_seed67 1 1048576 524288 608174 308405 1028796 2880154 50066 186655 51753275 7601 0 0 50066 1 1 0 1 0
baseline_qam64_bw20_bo070_seed41 1 1048576 524288 734003 308405 1005800 2604478 65849 184179 2079649 1425789 1820 0 65849 4 1 15 4 0
baseline_qam64_bw20_bo070_seed53 1 1048576 524288 734003 308405 1013756 2464513 59090 187994 2913280 151868 0 0 59090 5 1 8 4 0
baseline_qam64_bw20_bo070_seed67 1 1048576 524288 734003 308405 1011061 2740735 63357 186053 71947732 6332 0 0 63357 6 0 9 4 0
baseline_qam64_bw40_bo058_seed41 1 1048576 1048576 608174 308405 1025437 2522760 50811 176822 23476041 14693 0 0 50811 1 1 0 1 0
baseline_qam64_bw40_bo058_seed53 1 1048576 1048576 608174 308405 1031190 2883617 48518 172176 11885837 43475 0 0 48518 1 1 0 1 0
baseline_qam64_bw40_bo058_seed67 1 1048576 1048576 608174 308405 1031691 2945002 48440 176628 48129050 16430 0 0 48440 1 1 0 1 0
baseline_qam64_bw40_bo070_seed41 1 1048576 1048576 734003 308405 1004629 2416476 66750 176460 48255236 28561 0 0 66750 6 0 9 4 0
baseline_qam64_bw40_bo070_seed53 1 1048576 1048576 734003 308405 1013562 2687670 60907 171316 8408738 16774 455 0 60907 5 1 8 4 0
baseline_qam64_bw40_bo070_seed67 1 1048576 1048576 734003 308405 1013776 2783045 60784 175568 36169134 4654 0 0 60784 6 0 9 4 0
gain_mid_low_qam16_bw20_bo058_seed41 1 262144 524288 608174 308405 922099 2640729 132710 203113 17940305 88851 0 0 132710 1 1 0 1 0
gain_mid_low_qam16_bw20_bo058_seed53 1 262144 524288 608174 308405 918999 2366397 135126 184374 1483164 427210 0 0 135126 1 1 0 1 0
gain_mid_low_qam16_bw20_bo058_seed67 1 262144 524288 608174 308405 933030 2897129 122583 172366 7217994 80099 0 0 122583 1 1 0 1 0
gain_mid_low_qam16_bw20_bo070_seed41 1 262144 524288 734003 308405 900107 2481439 155163 200773 12206517 91029 1820 0 155163 6 0 14 4 0
gain_mid_low_qam16_bw20_bo070_seed53 1 262144 524288 734003 308405 895283 2237070 158722 182662 1191569 546992 910 0 158722 6 0 6 3 0
gain_mid_low_qam16_bw20_bo070_seed67 1 262144 524288 734003 308405 914932 2695303 140213 172197 6183970 122819 910 0 140213 6 0 6 3 0
gain_mid_low_qam16_bw40_bo058_seed41 1 262144 1048576 608174 308405 938175 2944675 116373 174624 9316591 196866 0 0 116373 1 1 0 1 0
gain_mid_low_qam16_bw40_bo058_seed53 1 262144 1048576 608174 308405 938780 3092731 116265 174457 26137552 49578 0 0 116265 1 1 0 1 0
gain_mid_low_qam16_bw40_bo058_seed67 1 262144 1048576 608174 308405 929412 2847998 125785 183681 1967964 74109 0 0 125785 1 1 0 1 0
gain_mid_low_qam16_bw40_bo070_seed41 1 262144 1048576 734003 308405 922091 2747559 132299 174482 20373698 133788 0 0 132299 5 1 8 4 0
gain_mid_low_qam16_bw40_bo070_seed53 1 262144 1048576 734003 308405 922880 2907245 132213 173415 21744223 52513 455 0 132213 5 1 8 4 0
gain_mid_low_qam16_bw40_bo070_seed67 1 262144 1048576 734003 308405 909927 2671465 145251 182606 1693972 286932 910 0 145251 6 0 6 3 0
gain_mid_low_qam64_bw20_bo058_seed41 1 1048576 524288 608174 308405 929190 2736929 125932 184866 1263830 14621889 0 0 125932 1 1 0 1 0
gain_mid_low_qam64_bw20_bo058_seed53 1 1048576 524288 608174 308405 934985 2562330 119990 188561 2863128 147687 0 0 119990 1 1 0 1 0
gain_mid_low_qam64_bw20_bo058_seed67 1 1048576 524288 608174 308405 933140 2836493 121833 186401 57062451 2617 0 0 121833 1 1 0 1 0
gain_mid_low_qam64_bw20_bo070_seed41 1 1048576 524288 734003 308405 909482 2555415 145580 184322 2764062 1181360 1820 0 145580 4 1 15 4 0
gain_mid_low_qam64_bw20_bo070_seed53 1 1048576 524288 734003 308405 917509 2444911 137226 187510 2710713 144186 0 0 137226 5 1 8 4 0
gain_mid_low_qam64_bw20_bo070_seed67 1 1048576 524288 734003 308405 914297 2705757 140132 186191 49250354 2690 0 0 140132 6 0 9 4 0
gain_mid_low_qam64_bw40_bo058_seed41 1 1048576 1048576 608174 308405 928866 2491157 125540 176782 20693383 14025 0 0 125540 1 1 0 1 0
gain_mid_low_qam64_bw40_bo058_seed53 1 1048576 1048576 608174 308405 934949 2834648 120680 171735 9043435 62434 0 0 120680 1 1 0 1 0
gain_mid_low_qam64_bw40_bo058_seed67 1 1048576 1048576 608174 308405 935165 2911207 119695 176484 34886206 22407 0 0 119695 1 1 0 1 0
gain_mid_low_qam64_bw40_bo070_seed41 1 1048576 1048576 734003 308405 908422 2387614 146262 176446 62986469 27263 0 0 146262 6 0 9 4 0
gain_mid_low_qam64_bw40_bo070_seed53 1 1048576 1048576 734003 308405 917343 2628255 138463 170882 7357631 32681 455 0 138463 5 1 8 4 0
gain_mid_low_qam64_bw40_bo070_seed67 1 1048576 1048576 734003 308405 917382 2750306 137447 175361 48658248 4511 0 0 137447 6 0 9 4 0
gain_low_qam16_bw20_bo058_seed41 1 262144 524288 608174 308405 825819 2610888 225907 202413 14700016 88528 0 0 225907 1 1 0 1 0
gain_low_qam16_bw20_bo058_seed53 1 262144 524288 608174 308405 822485 2346933 228395 183868 1131143 195840 0 0 228395 1 1 0 1 0
gain_low_qam16_bw20_bo058_seed67 1 262144 524288 608174 308405 836955 2826693 215144 172283 6784374 129519 0 0 215144 1 1 0 1 0
gain_low_qam16_bw20_bo070_seed41 1 262144 524288 734003 308405 803590 2411639 248753 200159 15038196 101197 1820 0 248753 6 0 14 4 0
gain_low_qam16_bw20_bo070_seed53 1 262144 524288 734003 308405 799111 2178575 252006 182423 1149766 337632 910 0 252006 6 0 6 3 0
gain_low_qam16_bw20_bo070_seed67 1 262144 524288 734003 308405 818996 2604776 233275 171919 7139347 122036 910 0 233275 6 0 6 3 0
gain_low_qam16_bw40_bo058_seed41 1 262144 1048576 608174 308405 841665 2896255 209525 174540 6302101 208272 0 0 209525 1 1 0 1 0
gain_low_qam16_bw40_bo058_seed53 1 262144 1048576 608174 308405 842142 3050683 209652 174139 16505678 1127 0 0 209652 1 1 0 1 0
gain_low_qam16_bw40_bo058_seed67 1 262144 1048576 608174 308405 833252 2787548 218481 183416 2210896 151409 0 0 218481 1 1 0 1 0
gain_low_qam16_bw40_bo070_seed41 1 262144 1048576 734003 308405 825867 2702761 225566 174492 8885537 74676 0 0 225566 5 1 8 4 0
gain_low_qam16_bw40_bo070_seed53 1 262144 1048576 734003 308405 826144 2837808 225908 172935 36343940 78579 455 0 225908 6 0 9 4 0
gain_low_qam16_bw40_bo070_seed67 1 262144 1048576 734003 308405 813932 2605187 238349 182231 1765215 209863 910 0 238349 6 0 6 3 0
gain_low_qam64_bw20_bo058_seed41 1 1048576 524288 608174 308405 833070 2685137 218525 184835 833382 4317781 0 0 218525 1 1 0 1 0
gain_low_qam64_bw20_bo058_seed53 1 1048576 524288 608174 308405 838866 2536483 213152 188196 2915821 147776 0 0 213152 1 1 0 1 0
gain_low_qam64_bw20_bo058_seed67 1 1048576 524288 608174 308405 836570 2804693 214764 186362 74709819 4719 0 0 214764 1 1 0 1 0
gain_low_qam64_bw20_bo070_seed41 1 1048576 524288 734003 308405 813348 2491715 238766 183771 3037541 531107 1820 0 238766 4 1 15 4 0
gain_low_qam64_bw20_bo070_seed53 1 1048576 524288 734003 308405 821915 2389237 230146 187168 2729416 181052 0 0 230146 5 1 8 4 0
gain_low_qam64_bw20_bo070_seed67 1 1048576 524288 734003 308405 818069 2652232 233168 186007 46577826 6492 0 0 233168 6 0 5 3 0
gain_low_qam64_bw40_bo058_seed41 1 1048576 1048576 608174 308405 832291 2466603 219080 176680 19187696 19325 0 0 219080 1 1 0 1 0
gain_low_qam64_bw40_bo058_seed53 1 1048576 1048576 608174 308405 838425 2775257 213684 171663 8508624 45407 0 0 213684 1 1 0 1 0
gain_low_qam64_bw40_bo058_seed67 1 1048576 1048576 608174 308405 838558 2869226 212881 176213 28121680 3260 0 0 212881 1 1 0 1 0
gain_low_qam64_bw40_bo070_seed41 1 1048576 1048576 734003 308405 811920 2344534 240060 176356 48500494 23029 0 0 240060 6 0 5 3 0
gain_low_qam64_bw40_bo070_seed53 1 1048576 1048576 734003 308405 820990 2558232 231624 170521 6252219 35952 455 0 231624 6 0 5 3 0
gain_low_qam64_bw40_bo070_seed67 1 1048576 1048576 734003 308405 820959 2698163 230736 174896 29958367 13788 0 0 230736 6 0 5 3 0
gain_high_qam16_bw20_bo058_seed41 1 262144 524288 608174 308405 1104020 2690639 72202 203824 9493714 83173 0 0 72202 1 1 0 1 0
gain_high_qam16_bw20_bo058_seed53 1 262144 524288 608174 308405 1099988 2431747 68598 184764 1547521 411634 0 0 68598 1 1 0 1 0
gain_high_qam16_bw20_bo058_seed67 1 262144 524288 608174 308405 1115200 2958666 80816 172495 7207270 62958 0 0 80816 1 1 0 1 0
gain_high_qam16_bw20_bo070_seed41 1 262144 524288 734003 308405 1080827 2553628 67921 201921 17532472 77399 1820 0 67921 6 0 14 4 0
gain_high_qam16_bw20_bo070_seed53 1 262144 524288 734003 308405 1075367 2306147 64771 183516 1298164 356379 910 0 64771 6 0 6 3 0
gain_high_qam16_bw20_bo070_seed67 1 262144 524288 734003 308405 1096508 2782496 74321 172201 8046851 80602 910 0 74321 6 0 6 3 0
gain_high_qam16_bw40_bo058_seed41 1 262144 1048576 608174 308405 1120205 3012196 83119 174413 3951354 74021 0 0 83119 1 1 0 1 0
gain_high_qam16_bw40_bo058_seed53 1 262144 1048576 608174 308405 1120722 3156022 82903 174864 14325248 87008 0 0 82903 1 1 0 1 0
gain_high_qam16_bw40_bo058_seed67 1 262144 1048576 608174 308405 1111464 2891030 78333 184104 2516453 143622 0 0 78333 1 1 0 1 0
gain_high_qam16_bw40_bo070_seed41 1 262144 1048576 734003 308405 1103675 2856212 74482 174486 3770469 110132 0 0 74482 5 1 8 4 0
gain_high_qam16_bw40_bo070_seed53 1 262144 1048576 734003 308405 1104531 2993845 73820 173907 14475580 14316 455 0 73820 5 1 8 4 0
gain_high_qam16_bw40_bo070_seed67 1 262144 1048576 734003 308405 1091314 2747119 72018 183020 1638043 149477 910 0 72018 6 0 6 3 0
gain_high_qam64_bw20_bo058_seed41 1 1048576 524288 608174 308405 1111313 2784111 76236 185184 1145385 1849798 0 0 76236 1 1 0 1 0
gain_high_qam64_bw20_bo058_seed53 1 1048576 524288 608174 308405 1116669 2628306 79032 188764 3212376 154181 0 0 79032 1 1 0 1 0
gain_high_qam64_bw20_bo058_seed67 1 1048576 524288 608174 308405 1114831 2889702 80410 186628 59416372 10610 0 0 80410 1 1 0 1 0
gain_high_qam64_bw20_bo070_seed41 1 1048576 524288 734003 308405 1090861 2634387 68990 184188 1541397 2044197 1820 0 68990 4 1 15 4 0
gain_high_qam64_bw20_bo070_seed53 1 1048576 524288 734003 308405 1099051 2493622 69791 188068 3102113 140076 0 0 69791 5 1 8 4 0
gain_high_qam64_bw20_bo070_seed67 1 1048576 524288 734003 308405 1096010 2755911 73282 186095 98946621 2835 0 0 73282 6 0 9 4 0
gain_high_qam64_bw40_bo058_seed41 1 1048576 1048576 608174 308405 1110990 2528120 75071 176835 25034078 21199 0 0 75071 1 1 0 1 0
gain_high_qam64_bw40_bo058_seed53 1 1048576 1048576 608174 308405 1117034 2918006 80340 172142 7369033 30756 0 0 80340 1 1 0 1 0
gain_high_qam64_bw40_bo058_seed67 1 1048576 1048576 608174 308405 1117447 2955861 80245 176914 48688466 17633 0 0 80245 1 1 0 1 0
gain_high_qam64_bw40_bo070_seed41 1 1048576 1048576 734003 308405 1089966 2431195 68134 176588 29399735 19938 0 0 68134 6 0 9 4 0
gain_high_qam64_bw40_bo070_seed53 1 1048576 1048576 734003 308405 1098893 2723132 72386 171356 7774944 52250 455 0 72386 5 1 8 4 0
gain_high_qam64_bw40_bo070_seed67 1 1048576 1048576 734003 308405 1099288 2812934 72227 175890 39983091 3247 0 0 72227 6 0 9 4 0
sat_mid_qam16_bw20_bo058_seed41 1 262144 524288 608174 308405 1017975 2678313 57609 203504 14542389 87237 0 0 57609 1 1 0 1 0
sat_mid_qam16_bw20_bo058_seed53 1 262144 524288 608174 308405 1013986 2395014 57939 184491 1705104 443957 0 0 57939 1 1 0 1 0
sat_mid_qam16_bw20_bo058_seed67 1 262144 524288 608174 308405 1029316 2923495 50587 172226 7633516 77584 0 0 50587 1 1 0 1 0
sat_mid_qam16_bw20_bo070_seed41 1 262144 524288 734003 308405 995013 2503937 75921 201407 13576300 74765 1820 0 75921 6 0 14 4 0
sat_mid_qam16_bw20_bo070_seed53 1 262144 524288 734003 308405 989961 2253633 78228 183075 1295160 362154 910 0 78228 6 0 6 3 0
sat_mid_qam16_bw20_bo070_seed67 1 262144 524288 734003 308405 1010648 2724176 63237 172081 7475327 102656 910 0 63237 6 0 6 3 0
sat_mid_qam16_bw40_bo058_seed41 1 262144 1048576 608174 308405 1034557 2976908 46006 174543 8304655 240738 0 0 46006 1 1 0 1 0
sat_mid_qam16_bw40_bo058_seed53 1 262144 1048576 608174 308405 1034965 3125523 45493 174668 13508606 30311 0 0 45493 1 1 0 1 0
sat_mid_qam16_bw40_bo058_seed67 1 262144 1048576 608174 308405 1025475 2855177 52869 183831 2281581 147870 0 0 52869 1 1 0 1 0
sat_mid_qam16_bw40_bo070_seed41 1 262144 1048576 734003 308405 1017963 2797610 56917 174423 4193355 60191 0 0 56917 5 1 8 4 0
sat_mid_qam16_bw40_bo070_seed53 1 262144 1048576 734003 308405 1018684 2941737 56162 173662 18297059 86963 455 0 56162 5 1 8 4 0
sat_mid_qam16_bw40_bo070_seed67 1 262144 1048576 734003 308405 1005614 2693715 67734 182684 1639498 3436 910 0 67734 6 0 6 3 0
sat_mid_qam64_bw20_bo058_seed41 1 1048576 524288 608174 308405 1025265 2763964 51266 185240 849911 3511967 0 0 51266 1 1 0 1 0
sat_mid_qam64_bw20_bo058_seed53 1 1048576 524288 608174 308405 1031087 2606567 46367 188544 3250579 122825 0 0 46367 1 1 0 1 0
sat_mid_qam64_bw20_bo058_seed67 1 1048576 524288 608174 308405 1029201 2862714 50409 186594 42739446 400 0 0 50409 1 1 0 1 0
sat_mid_qam64_bw20_bo070_seed41 1 1048576 524288 734003 308405 1005513 2581970 66361 183926 1578520 1227365 1820 0 66361 4 1 15 4 0
sat_mid_qam64_bw20_bo070_seed53 1 1048576 524288 734003 308405 1013121 2447295 58970 187889 2951645 157645 0 0 58970 5 1 8 4 0
sat_mid_qam64_bw20_bo070_seed67 1 1048576 524288 734003 308405 1010325 2714053 63784 186019 54104271 15961 0 0 63784 6 0 9 4 0
sat_mid_qam64_bw40_bo058_seed41 1 1048576 1048576 608174 308405 1025073 2495660 50940 176862 35394575 18845 0 0 50940 1 1 0 1 0
sat_mid_qam64_bw40_bo058_seed53 1 1048576 1048576 608174 308405 1030873 2862124 48666 172110 11811689 44855 0 0 48666 1 1 0 1 0
sat_mid_qam64_bw40_bo058_seed67 1 1048576 1048576 608174 308405 1031380 2943217 48611 176708 30235229 3967 0 0 48611 1 1 0 1 0
sat_mid_qam64_bw40_bo070_seed41 1 1048576 1048576 734003 308405 1004063 2395540 67195 176600 26104687 17804 0 0 67195 6 0 9 4 0
sat_mid_qam64_bw40_bo070_seed53 1 1048576 1048576 734003 308405 1013086 2661778 61531 171150 7229064 32534 455 0 61531 5 1 8 4 0
sat_mid_qam64_bw40_bo070_seed67 1 1048576 1048576 734003 308405 1013160 2770473 61381 175472 37855665 25368 0 0 61381 6 0 9 4 0
sat_early_qam16_bw20_bo058_seed41 1 262144 524288 608174 308405 1017103 2643505 57856 203298 10980800 118328 0 0 57856 1 1 0 1 0
sat_early_qam16_bw20_bo058_seed53 1 262144 524288 608174 308405 1013146 2381195 58856 184658 1167124 329365 0 0 58856 1 1 0 1 0
sat_early_qam16_bw20_bo058_seed67 1 262144 524288 608174 308405 1029027 2892074 51262 172251 7665317 123253 0 0 51262 1 1 0 1 0
sat_early_qam16_bw20_bo070_seed41 1 262144 524288 734003 308405 992970 2479050 77809 201297 13662328 84975 1820 0 77809 6 0 14 4 0
sat_early_qam16_bw20_bo070_seed53 1 262144 524288 734003 308405 987760 2221598 80046 183016 1394556 388865 910 0 80046 6 0 6 3 0
sat_early_qam16_bw20_bo070_seed67 1 262144 524288 734003 308405 1009213 2681726 64665 171896 8861829 144369 910 0 64665 6 0 6 3 0
sat_early_qam16_bw40_bo058_seed41 1 262144 1048576 608174 308405 1033791 2960464 46519 174494 6632224 73190 0 0 46519 1 1 0 1 0
sat_early_qam16_bw40_bo058_seed53 1 262144 1048576 608174 308405 1034652 3095271 45873 174579 10085452 23390 0 0 45873 1 1 0 1 0
sat_early_qam16_bw40_bo058_seed67 1 262144 1048576 608174 308405 1024839 2836815 53351 183714 2523020 139305 0 0 53351 1 1 0 1 0
sat_early_qam16_bw40_bo070_seed41 1 262144 1048576 734003 308405 1017225 2767874 57449 174422 4318136 11399 0 0 57449 5 1 8 4 0
sat_early_qam16_bw40_bo070_seed53 1 262144 1048576 734003 308405 1017501 2889368 56967 173369 12809900 13333 455 0 56967 5 1 8 4 0
sat_early_qam16_bw40_bo070_seed67 1 262144 1048576 734003 308405 1003763 2658666 69211 182802 2159289 155614 910 0 69211 6 0 6 3 0
sat_early_qam64_bw20_bo058_seed41 1 1048576 524288 608174 308405 1024942 2728264 51650 184859 1234450 6054403 0 0 51650 1 1 0 1 0
sat_early_qam64_bw20_bo058_seed53 1 1048576 524288 608174 308405 1030376 2572719 46883 188510 3030746 142274 0 0 46883 1 1 0 1 0
sat_early_qam64_bw20_bo058_seed67 1 1048576 524288 608174 308405 1028316 2849793 50737 186401 50734060 9707 0 0 50737 1 1 0 1 0
sat_early_qam64_bw20_bo070_seed41 1 1048576 524288 734003 308405 1004011 2546894 67551 183923 3195338 851769 1820 0 67551 4 1 15 4 0
sat_early_qam64_bw20_bo070_seed53 1 1048576 524288 734003 308405 1012423 2421579 60074 187599 2849968 145788 0 0 60074 5 1 8 4 0
sat_early_qam64_bw20_bo070_seed67 1 1048576 524288 734003 308405 1008805 2679855 64925 185957 45850604 6541 0 0 64925 6 0 9 4 0
sat_early_qam64_bw40_bo058_seed41 1 1048576 1048576 608174 308405 1024098 2497856 51544 176847 27721208 28235 0 0 51544 1 1 0 1 0
sat_early_qam64_bw40_bo058_seed53 1 1048576 1048576 608174 308405 1030502 2848969 49028 172034 11055330 17628 0 0 49028 1 1 0 1 0
sat_early_qam64_bw40_bo058_seed67 1 1048576 1048576 608174 308405 1030757 2908647 48602 176659 44651981 24207 0 0 48602 1 1 0 1 0
sat_early_qam64_bw40_bo070_seed41 1 1048576 1048576 734003 308405 1002431 2386144 68621 176227 24624570 17571 0 0 68621 5 1 8 4 0
sat_early_qam64_bw40_bo070_seed53 1 1048576 1048576 734003 308405 1011749 2637059 62799 171013 6722951 67262 455 0 62799 5 1 8 4 0
sat_early_qam64_bw40_bo070_seed67 1 1048576 1048576 734003 308405 1012013 2728686 62358 175564 29305206 45535 0 0 62358 6 0 9 4 0
memory_short_qam16_bw20_bo058_seed41 1 262144 524288 608174 308405 994895 2717970 65887 203601 14948353 65936 0 0 65887 1 1 0 1 0
memory_short_qam16_bw20_bo058_seed53 1 262144 524288 608174 308405 992082 2420221 67662 184742 1542583 434949 0 0 67662 1 1 0 1 0
memory_short_qam16_bw20_bo058_seed67 1 262144 524288 608174 308405 1004765 2968775 57057 172911 7182531 59182 0 0 57057 1 1 0 1 0
memory_short_qam16_bw20_bo070_seed41 1 262144 524288 734003 308405 975110 2567119 85380 201747 17533411 92068 1820 0 85380 6 0 14 4 0
memory_short_qam16_bw20_bo070_seed53 1 262144 524288 734003 308405 971065 2306422 88090 183204 1393098 299034 910 0 88090 6 0 6 3 0
memory_short_qam16_bw20_bo070_seed67 1 262144 524288 734003 308405 989234 2787675 71717 172460 6472122 124455 910 0 71717 6 0 6 3 0
memory_short_qam16_bw40_bo058_seed41 1 262144 1048576 608174 308405 1009665 3002435 52300 174639 3386583 40681 0 0 52300 1 1 0 1 0
memory_short_qam16_bw40_bo058_seed53 1 262144 1048576 608174 308405 1010104 3171000 52147 174582 30144075 34737 0 0 52147 1 1 0 1 0
memory_short_qam16_bw40_bo058_seed67 1 262144 1048576 608174 308405 1001628 2898614 59961 183942 2987651 147019 0 0 59961 1 1 0 1 0
memory_short_qam16_bw40_bo070_seed41 1 262144 1048576 734003 308405 995010 2853044 65231 174287 32842898 20823 0 0 65231 6 0 9 4 0
memory_short_qam16_bw40_bo070_seed53 1 262144 1048576 734003 308405 995515 3006374 64999 173841 13698418 12897 455 0 64999 5 1 8 4 0
memory_short_qam16_bw40_bo070_seed67 1 262144 1048576 734003 308405 983931 2765984 76516 183264 3561276 365397 910 0 76516 6 0 6 3 0
memory_short_qam64_bw20_bo058_seed41 1 1048576 524288 608174 308405 1001500 2801006 59429 185396 1355156 1684567 0 0 59429 1 1 0 1 0
memory_short_qam64_bw20_bo058_seed53 1 1048576 524288 608174 308405 1006534 2627070 54856 188756 3295376 159022 0 0 54856 1 1 0 1 0
memory_short_qam64_bw20_bo058_seed67 1 1048576 524288 608174 308405 1004920 2904352 57081 187403 76827198 15495 0 0 57081 1 1 0 1 0
memory_short_qam64_bw20_bo070_seed41 1 1048576 524288 734003 308405 983768 2651146 76079 184394 1529146 1834852 1820 0 76079 4 1 15 4 0
memory_short_qam64_bw20_bo070_seed53 1 1048576 524288 734003 308405 990996 2501600 69079 187886 3004154 163087 0 0 69079 5 1 8 4 0
memory_short_qam64_bw20_bo070_seed67 1 1048576 524288 734003 308405 987814 2788461 72255 186911 41562278 9559 0 0 72255 6 0 9 4 0
memory_short_qam64_bw40_bo058_seed41 1 1048576 1048576 608174 308405 1001110 2545403 59742 177164 26531376 27929 0 0 59742 1 1 0 1 0
memory_short_qam64_bw40_bo058_seed53 1 1048576 1048576 608174 308405 1006598 2930779 55724 171994 12185592 43477 0 0 55724 1 1 0 1 0
memory_short_qam64_bw40_bo058_seed67 1 1048576 1048576 608174 308405 1006879 2974769 55349 176541 34481953 1343 0 0 55349 1 1 0 1 0
memory_short_qam64_bw40_bo070_seed41 1 1048576 1048576 734003 308405 983112 2446782 76970 176800 24863041 22399 0 0 76970 5 1 8 4 0
memory_short_qam64_bw40_bo070_seed53 1 1048576 1048576 734003 308405 990719 2744839 70477 171119 10973133 43000 455 0 70477 5 1 8 4 0
memory_short_qam64_bw40_bo070_seed67 1 1048576 1048576 734003 308405 990783 2827116 70191 175732 31404753 6384 0 0 70191 6 0 9 4 0
noise_mid_qam16_bw20_bo058_seed41 1 262144 524288 608174 308405 1018637 2665853 59208 203622 21447357 111519 0 0 59208 1 1 0 1 0
noise_mid_qam16_bw20_bo058_seed53 1 262144 524288 608174 308405 1015019 2390102 60029 184864 1216643 424777 0 0 60029 1 1 0 1 0
noise_mid_qam16_bw20_bo058_seed67 1 262144 524288 608174 308405 1029092 2936920 52729 172744 8888189 72902 0 0 52729 1 1 0 1 0
noise_mid_qam16_bw20_bo070_seed41 1 262144 524288 734003 308405 995256 2546655 77361 201567 21089738 159809 1820 0 77361 6 0 14 4 0
noise_mid_qam16_bw20_bo070_seed53 1 262144 524288 734003 308405 990933 2273582 79270 183390 1182288 261739 910 0 79270 6 0 6 3 0
noise_mid_qam16_bw20_bo070_seed67 1 262144 524288 734003 308405 1010723 2743464 65470 172409 6145357 68783 910 0 65470 6 0 6 3 0
noise_mid_qam16_bw40_bo058_seed41 1 262144 1048576 608174 308405 1034414 2992489 48661 174868 4410041 621011 0 0 48661 1 1 0 1 0
noise_mid_qam16_bw40_bo058_seed53 1 262144 1048576 608174 308405 1035452 3135840 47569 175052 10204370 67527 0 0 47569 1 1 0 1 0
noise_mid_qam16_bw40_bo058_seed67 1 262144 1048576 608174 308405 1026009 2875136 54934 183939 1279137 21733 0 0 54934 1 1 0 1 0
noise_mid_qam16_bw40_bo070_seed41 1 262144 1048576 734003 308405 1018345 2823170 59281 174526 9044570 164739 0 0 59281 5 1 8 4 0
noise_mid_qam16_bw40_bo070_seed53 1 262144 1048576 734003 308405 1019297 2961568 58364 173890 7318738 28227 455 0 58364 5 1 8 4 0
noise_mid_qam16_bw40_bo070_seed67 1 262144 1048576 734003 308405 1006332 2720331 69600 183072 3774682 18006 910 0 69600 6 0 6 3 0
noise_mid_qam64_bw20_bo058_seed41 1 1048576 524288 608174 308405 1026139 2772882 53663 185189 1473446 3149429 0 0 53663 1 1 0 1 0
noise_mid_qam64_bw20_bo058_seed53 1 1048576 524288 608174 308405 1031066 2608249 49017 188915 2847432 124076 0 0 49017 1 1 0 1 0
noise_mid_qam64_bw20_bo058_seed67 1 1048576 524288 608174 308405 1029297 2872903 52675 186679 58665776 6995 0 0 52675 1 1 0 1 0
noise_mid_qam64_bw20_bo070_seed41 1 1048576 524288 734003 308405 1005925 2607298 68324 184375 1748039 1330154 1820 0 68324 4 1 15 4 0
noise_mid_qam64_bw20_bo070_seed53 1 1048576 524288 734003 308405 1013924 2448675 61046 188196 2788376 140229 0 0 61046 5 1 8 4 0
noise_mid_qam64_bw20_bo070_seed67 1 1048576 524288 734003 308405 1010784 2717018 65290 186660 140632307 17247 0 0 65290 6 0 9 4 0
noise_mid_qam64_bw40_bo058_seed41 1 1048576 1048576 608174 308405 1025482 2501919 53463 177004 26410169 40080 0 0 53463 1 1 0 1 0
noise_mid_qam64_bw40_bo058_seed53 1 1048576 1048576 608174 308405 1031082 2866684 51249 172157 10922545 29620 0 0 51249 1 1 0 1 0
noise_mid_qam64_bw40_bo058_seed67 1 1048576 1048576 608174 308405 1031929 2954920 50534 176765 36389195 5635 0 0 50534 1 1 0 1 0
noise_mid_qam64_bw40_bo070_seed41 1 1048576 1048576 734003 308405 1004226 2435943 69050 176711 24568433 42666 0 0 69050 5 1 8 4 0
noise_mid_qam64_bw40_bo070_seed53 1 1048576 1048576 734003 308405 1013359 2711804 63404 171432 8583173 1940 455 0 63404 5 1 8 4 0
noise_mid_qam64_bw40_bo070_seed67 1 1048576 1048576 734003 308405 1013768 2783945 62984 175937 45974289 26246 0 0 62984 6 0 9 4 0
noise_high_qam16_bw20_bo058_seed41 1 262144 524288 608174 308405 1020236 2642383 71605 206056 5831292 120752 0 0 71605 1 1 0 1 0
noise_high_qam16_bw20_bo058_seed53 1 262144 524288 608174 308405 1016068 2404896 72425 186394 2593224 219802 0 0 72425 1 1 0 1 0
noise_high_qam16_bw20_bo058_seed67 1 262144 524288 608174 308405 1030166 2935728 66078 174511 5110272 144458 0 0 66078 1 1 0 1 0
noise_high_qam16_bw20_bo070_seed41 1 262144 524288 734003 308405 996169 2519720 87312 203922 34065543 14429 1820 0 87312 6 0 14 4 0
noise_high_qam16_bw20_bo070_seed53 1 262144 524288 734003 308405 993103 2325198 88296 185208 2851799 1733733 910 0 88296 6 0 6 3 0
noise_high_qam16_bw20_bo070_seed67 1 262144 524288 734003 308405 1013346 2719972 77199 174676 5915993 193133 910 0 77199 6 0 6 3 0
noise_high_qam16_bw40_bo058_seed41 1 262144 1048576 608174 308405 1036039 2969088 63282 176606 820778 317171 0 0 63282 1 1 0 1 0
noise_high_qam16_bw40_bo058_seed53 1 262144 1048576 608174 308405 1035245 3121349 62887 177491 12577896 80144 0 0 62887 1 1 0 1 0
noise_high_qam16_bw40_bo058_seed67 1 262144 1048576 608174 308405 1026019 2842106 68041 185860 4419812 402381 0 0 68041 1 1 0 1 0
noise_high_qam16_bw40_bo070_seed41 1 262144 1048576 734003 308405 1017679 2858035 71798 176814 1535227 349608 0 0 71798 5 1 8 4 0
noise_high_qam16_bw40_bo070_seed53 1 262144 1048576 734003 308405 1019559 2942388 70879 175656 7895198 385902 455 0 70879 5 1 8 4 0
noise_high_qam16_bw40_bo070_seed67 1 262144 1048576 734003 308405 1006502 2704002 81628 184635 1467426 525170 910 0 81628 6 0 6 3 0
noise_high_qam64_bw20_bo058_seed41 1 1048576 524288 608174 308405 1026923 2766520 65522 187291 4195115 303590 0 0 65522 1 1 0 1 0
noise_high_qam64_bw20_bo058_seed53 1 1048576 524288 608174 308405 1030073 2620534 62303 190696 3263952 267402 0 0 62303 1 1 0 1 0
noise_high_qam64_bw20_bo058_seed67 1 1048576 524288 608174 308405 1031321 2897502 67012 188636 15295423 2665 0 0 67012 1 1 0 1 0
noise_high_qam64_bw20_bo070_seed41 1 1048576 524288 734003 308405 1007125 2644062 78328 187027 4532980 1478792 1820 0 78328 4 1 15 4 0
noise_high_qam64_bw20_bo070_seed53 1 1048576 524288 734003 308405 1014534 2504974 72963 189787 2491063 117897 0 0 72963 5 1 8 4 0
noise_high_qam64_bw20_bo070_seed67 1 1048576 524288 734003 308405 1012030 2754679 77963 187643 26229458 7915 0 0 77963 6 0 9 4 0
noise_high_qam64_bw40_bo058_seed41 1 1048576 1048576 608174 308405 1024972 2545951 66943 179954 12475528 14443 0 0 66943 1 1 0 1 0
noise_high_qam64_bw40_bo058_seed53 1 1048576 1048576 608174 308405 1031811 2859451 65001 174474 11895335 16287 0 0 65001 1 1 0 1 0
noise_high_qam64_bw40_bo058_seed67 1 1048576 1048576 608174 308405 1033697 2933431 64428 178956 19081207 56763 0 0 64428 1 1 0 1 0
noise_high_qam64_bw40_bo070_seed41 1 1048576 1048576 734003 308405 1004604 2437250 80720 178588 11229009 97462 0 0 80720 5 1 8 4 0
noise_high_qam64_bw40_bo070_seed53 1 1048576 1048576 734003 308405 1014380 2660606 74640 173909 17172296 4289 455 0 74640 5 1 8 4 0
noise_high_qam64_bw40_bo070_seed67 1 1048576 1048576 734003 308405 1013996 2760411 75859 178067 50278122 42730 0 0 75859 6 0 9 4 0
thermal_mild_qam16_bw20_bo058_seed41 1 262144 524288 608174 678490 1018503 2675826 63018 203040 7694480 128681 0 0 63018 1 1 0 1 0
thermal_mild_qam16_bw20_bo058_seed53 1 262144 524288 608174 678490 1014893 2403527 65729 184665 1298191 407912 0 0 65729 1 1 0 1 0
thermal_mild_qam16_bw20_bo058_seed67 1 262144 524288 608174 678490 1029424 2940237 58920 172860 8563322 65116 0 0 58920 1 1 0 1 0
thermal_mild_qam16_bw20_bo070_seed41 1 262144 524288 734003 678490 995643 2526219 80992 200892 17617054 124139 1820 0 80992 6 0 14 4 0
thermal_mild_qam16_bw20_bo070_seed53 1 262144 524288 734003 678490 990625 2271627 84286 183230 1093017 370005 910 0 84286 6 0 6 3 0
thermal_mild_qam16_bw20_bo070_seed67 1 262144 524288 734003 678490 1011446 2751255 70531 172527 7091173 113409 910 0 70531 6 0 6 3 0
thermal_mild_qam16_bw40_bo058_seed41 1 262144 1048576 608174 678490 1034603 2978998 53672 174638 3692911 23393 0 0 53672 1 1 0 1 0
thermal_mild_qam16_bw40_bo058_seed53 1 262144 1048576 608174 678490 1035441 3153109 54196 174751 14960324 18237 0 0 54196 1 1 0 1 0
thermal_mild_qam16_bw40_bo058_seed67 1 262144 1048576 608174 678490 1025727 2887523 60195 183596 3875329 46824 0 0 60195 1 1 0 1 0
thermal_mild_qam16_bw40_bo070_seed41 1 262144 1048576 734003 678490 1018020 2816377 63563 174613 10664616 65388 0 0 63563 5 1 8 4 0
thermal_mild_qam16_bw40_bo070_seed53 1 262144 1048576 734003 678490 1019041 2956815 63712 173841 13690706 45138 455 0 63712 5 1 8 4 0
thermal_mild_qam16_bw40_bo070_seed67 1 262144 1048576 734003 678490 1005811 2723334 74065 182655 1821963 63087 910 0 74065 6 0 6 3 0
thermal_mild_qam64_bw20_bo058_seed41 1 1048576 524288 608174 678490 1025335 2770881 59446 184677 1378437 1255405 0 0 59446 1 1 0 1 0
thermal_mild_qam64_bw20_bo058_seed53 1 1048576 524288 608174 678490 1030315 2598144 54283 188673 2793354 153866 0 0 54283 1 1 0 1 0
thermal_mild_qam64_bw20_bo058_seed67 1 1048576 524288 608174 678490 1028994 2882826 57996 186725 54845921 78 0 0 57996 1 1 0 1 0
thermal_mild_qam64_bw20_bo070_seed41 1 1048576 524288 734003 678490 1005280 2596982 72886 183744 2076472 1521291 1820 0 72886 4 1 15 4 0
thermal_mild_qam64_bw20_bo070_seed53 1 1048576 524288 734003 678490 1013205 2449476 65847 187866 2912037 173310 0 0 65847 5 1 8 4 0
thermal_mild_qam64_bw20_bo070_seed67 1 1048576 524288 734003 678490 1009921 2732244 70862 186326 44373740 3419 0 0 70862 6 0 9 4 0
thermal_mild_qam64_bw40_bo058_seed41 1 1048576 1048576 608174 678490 1025763 2503284 58738 176684 24818384 28229 0 0 58738 1 1 0 1 0
thermal_mild_qam64_bw40_bo058_seed53 1 1048576 1048576 608174 678490 1031650 2883883 56579 172328 10550808 50740 0 0 56579 1 1 0 1 0
thermal_mild_qam64_bw40_bo058_seed67 1 1048576 1048576 608174 678490 1031550 2957382 56428 176905 30615872 207 0 0 56428 1 1 0 1 0
thermal_mild_qam64_bw40_bo070_seed41 1 1048576 1048576 734003 678490 1005080 2408713 73283 176355 58677409 33355 0 0 73283 6 0 9 4 0
thermal_mild_qam64_bw40_bo070_seed53 1 1048576 1048576 734003 678490 1013399 2688743 68153 171337 8784749 17736 455 0 68153 5 1 8 4 0
thermal_mild_qam64_bw40_bo070_seed67 1 1048576 1048576 734003 678490 1013820 2801188 68434 175936 31793224 6470 0 0 68434 6 0 9 4 0
thermal_drift_qam16_bw20_bo058_seed41 1 262144 524288 608174 1048576 1018259 2680059 77148 201889 12510281 147201 0 0 77148 1 1 0 1 0
thermal_drift_qam16_bw20_bo058_seed53 1 262144 524288 608174 1048576 1014377 2399395 80908 184637 1451711 387777 0 0 80908 1 1 0 1 0
thermal_drift_qam16_bw20_bo058_seed67 1 262144 524288 608174 1048576 1029608 2935987 74997 173263 8714694 79097 0 0 74997 1 1 0 1 0
thermal_drift_qam16_bw20_bo070_seed41 1 262144 524288 734003 1048576 995066 2520698 92900 199787 12065112 68814 1820 0 92900 6 0 14 4 0
thermal_drift_qam16_bw20_bo070_seed53 1 262144 524288 734003 1048576 990247 2284716 97529 183148 1198687 326771 910 0 97529 6 0 6 3 0
thermal_drift_qam16_bw20_bo070_seed67 1 262144 524288 734003 1048576 1010811 2752430 85812 172957 7247356 82991 910 0 85812 6 0 6 3 0
thermal_drift_qam16_bw40_bo058_seed41 1 262144 1048576 608174 1048576 1034245 2971290 69858 175021 2432512 33236 0 0 69858 1 1 0 1 0
thermal_drift_qam16_bw40_bo058_seed53 1 262144 1048576 608174 1048576 1035749 3147956 71759 174986 20319878 7337 0 0 71759 1 1 0 1 0
thermal_drift_qam16_bw40_bo058_seed67 1 262144 1048576 608174 1048576 1025375 2904590 76536 183362 7701873 241079 0 0 76536 1 1 0 1 0
thermal_drift_qam16_bw40_bo070_seed41 1 262144 1048576 734003 1048576 1018100 2798822 78348 174903 14401113 193617 0 0 78348 5 1 8 4 0
thermal_drift_qam16_bw40_bo070_seed53 1 262144 1048576 734003 1048576 1019604 2969461 79458 173994 15675862 26181 455 0 79458 5 1 8 4 0
thermal_drift_qam16_bw40_bo070_seed67 1 262144 1048576 734003 1048576 1006046 2737376 88249 182452 2172090 45385 910 0 88249 6 0 6 3 0
thermal_drift_qam64_bw20_bo058_seed41 1 1048576 524288 608174 1048576 1025196 2754332 76208 183825 1714567 1190687 0 0 76208 1 1 0 1 0
thermal_drift_qam64_bw20_bo058_seed53 1 1048576 524288 608174 1048576 1029358 2579406 71153 189052 2991709 155845 0 0 71153 1 1 0 1 0
thermal_drift_qam64_bw20_bo058_seed67 1 1048576 524288 608174 1048576 1028577 2888005 74027 187015 79591171 4921 0 0 74027 1 1 0 1 0
thermal_drift_qam64_bw20_bo070_seed41 1 1048576 524288 734003 1048576 1004799 2600304 87779 182852 1051603 25140695 1820 0 87779 4 1 15 4 0
thermal_drift_qam64_bw20_bo070_seed53 1 1048576 524288 734003 1048576 1012444 2432928 80836 187866 2620086 148861 0 0 80836 5 1 8 4 0
thermal_drift_qam64_bw20_bo070_seed67 1 1048576 524288 734003 1048576 1009784 2726520 85186 186548 45272258 7410 0 0 85186 6 0 9 4 0
thermal_drift_qam64_bw40_bo058_seed41 1 1048576 1048576 608174 1048576 1026330 2510824 75105 176312 40214602 24136 0 0 75105 1 1 0 1 0
thermal_drift_qam64_bw40_bo058_seed53 1 1048576 1048576 608174 1048576 1031268 2875136 72888 172640 10432385 13890 0 0 72888 1 1 0 1 0
thermal_drift_qam64_bw40_bo058_seed67 1 1048576 1048576 608174 1048576 1032010 2969343 73001 177027 31983802 7560 0 0 73001 1 1 0 1 0
thermal_drift_qam64_bw40_bo070_seed41 1 1048576 1048576 734003 1048576 1005667 2405242 87753 176086 25746720 27736 0 0 87753 5 1 8 4 0
thermal_drift_qam64_bw40_bo070_seed53 1 1048576 1048576 734003 1048576 1013334 2684094 82733 171570 7564787 53242 455 0 82733 5 1 8 4 0
thermal_drift_qam64_bw40_bo070_seed67 1 1048576 1048576 734003 1048576 1014064 2813966 83332 176140 26708563 11019 0 0 83332 6 0 9 4 0
combined_stress_qam16_bw20_bo058_seed41 1 262144 524288 608174 1048576 827086 2601594 233591 201993 6401917 114678 0 0 233591 1 1 0 1 0
combined_stress_qam16_bw20_bo058_seed53 1 262144 524288 608174 1048576 822924 2316145 236528 185443 960025 2362251 0 0 236528 1 1 0 1 0
combined_stress_qam16_bw20_bo058_seed67 1 262144 524288 608174 1048576 836960 2864939 225150 175808 8239668 134187 0 0 225150 1 1 0 1 0
combined_stress_qam16_bw20_bo070_seed41 1 262144 524288 734003 1048576 804090 2402105 256186 201101 5230116 290795 1820 0 256186 6 0 14 4 0
combined_stress_qam16_bw20_bo070_seed53 1 262144 524288 734003 1048576 799297 2192539 259950 183921 647779 697796 910 0 259950 6 0 6 3 0
combined_stress_qam16_bw20_bo070_seed67 1 262144 524288 734003 1048576 819852 2619351 241380 174796 3475054 25754 910 0 241380 6 0 6 3 0
combined_stress_qam16_bw40_bo058_seed41 1 262144 1048576 608174 1048576 841875 2806644 218613 177639 2452205 420628 0 0 218613 1 1 0 1 0
combined_stress_qam16_bw40_bo058_seed53 1 262144 1048576 608174 1048576 843950 3039948 218914 176647 22933685 142478 0 0 218914 1 1 0 1 0
combined_stress_qam16_bw40_bo058_seed67 1 262144 1048576 608174 1048576 833269 2857307 229605 185241 1769069 2451864 0 0 229605 1 1 0 1 0
combined_stress_qam16_bw40_bo070_seed41 1 262144 1048576 734003 1048576 824504 2682767 235004 177057 2633822 610224 0 0 235004 6 0 5 3 0
combined_stress_qam16_bw40_bo070_seed53 1 262144 1048576 734003 1048576 827362 2805591 234356 175989 9979927 140690 455 0 234356 6 0 5 3 0
combined_stress_qam16_bw40_bo070_seed67 1 262144 1048576 734003 1048576 812914 2642629 249064 183866 2029979 319222 910 0 249064 6 0 6 3 0
combined_stress_qam64_bw20_bo058_seed41 1 1048576 524288 608174 1048576 832400 2667703 229037 186814 4242987 1204923 0 0 229037 1 1 0 1 0
combined_stress_qam64_bw20_bo058_seed53 1 1048576 524288 608174 1048576 836255 2573125 225391 190313 2336385 117178 0 0 225391 1 1 0 1 0
combined_stress_qam64_bw20_bo058_seed67 1 1048576 524288 608174 1048576 835170 2857743 224465 189585 32987719 4033 0 0 224465 1 1 0 1 0
combined_stress_qam64_bw20_bo070_seed41 1 1048576 524288 734003 1048576 812617 2514883 246800 184906 713620 1668068 1820 0 246800 4 1 15 4 0
combined_stress_qam64_bw20_bo070_seed53 1 1048576 524288 734003 1048576 821316 2356101 241044 189660 2763499 62563 0 0 241044 6 0 5 3 0
combined_stress_qam64_bw20_bo070_seed67 1 1048576 524288 734003 1048576 816995 2629218 242672 188229 29378837 36037 0 0 242672 6 0 5 3 0
combined_stress_qam64_bw40_bo058_seed41 1 1048576 1048576 608174 1048576 833220 2469025 227363 178676 39186436 31581 0 0 227363 1 1 0 1 0
combined_stress_qam64_bw40_bo058_seed53 1 1048576 1048576 608174 1048576 838756 2788623 223804 174439 9111434 36441 0 0 223804 1 1 0 1 0
combined_stress_qam64_bw40_bo058_seed67 1 1048576 1048576 608174 1048576 839089 2905351 221926 179441 15093909 42149 0 0 221926 1 1 0 1 0
combined_stress_qam64_bw40_bo070_seed41 1 1048576 1048576 734003 1048576 812315 2318213 248486 178230 41683305 15755 0 0 248486 6 0 5 3 0
combined_stress_qam64_bw40_bo070_seed53 1 1048576 1048576 734003 1048576 821650 2517053 240486 172522 3661586 21498 455 0 240486 6 0 5 3 0
combined_stress_qam64_bw40_bo070_seed67 1 1048576 1048576 734003 1048576 819938 2754998 240867 177470 11951079 47377 0 0 240867 6 0 5 3 0
threshold_0_0 1 655360 786432 608174 678490 959916 2674787 152557 188288 70640043 12570386 910 0 152557 6 0 0 1 1
threshold_0_1 1 655360 786432 608175 678490 959916 2674787 152557 188288 70640043 12570386 910 0 152557 6 0 6 3 0
threshold_1_0 1 655360 786432 671088 678490 959916 2674787 152557 188288 70640043 12570386 455 0 152557 6 0 9 4 0
threshold_1_1 1 655360 786432 671088 678490 959916 2674787 152557 188288 70640043 12570386 456 0 152557 6 0 6 3 0
threshold_2_0 1 655360 786432 671088 678490 959916 2674787 230146 188288 70640043 12570386 910 0 152557 6 0 6 3 0
threshold_2_1 1 655360 786432 671088 678490 959916 2674787 230147 188288 70640043 12570386 910 0 152557 6 0 6 3 0
threshold_3_0 1 655360 786432 671088 678490 959916 2674787 152557 188288 25746720 12570386 910 0 152557 6 0 6 3 0
threshold_3_1 1 655360 786432 671088 678490 959916 2674787 152557 188288 25746721 12570386 910 0 152557 6 0 6 3 0
threshold_4_0 1 655360 786432 671088 678490 959916 2674787 152557 188288 70640043 12570386 910 0 152557 6 0 6 3 0
threshold_4_1 1 655360 786432 671088 678490 959916 2674787 152557 188288 70640043 12570386 911 0 152557 6 0 15 4 1
threshold_5_0 1 262144 786432 671088 678490 959916 2674787 152557 188288 70640043 12570386 910 0 152557 6 0 6 3 0
threshold_5_1 1 262145 786432 671088 678490 959916 2674787 152557 188288 70640043 12570386 910 0 152557 6 0 6 3 0
ood_0_lo 1 262143 786432 671088 678490 959916 2674787 152557 188288 70640043 12570386 910 0 152557 6 0 0 0 1
ood_0_hi 1 1048577 786432 671088 678490 959916 2674787 152557 188288 70640043 12570386 910 0 152557 6 0 0 0 1
ood_1_lo 1 655360 524287 671088 678490 959916 2674787 152557 188288 70640043 12570386 910 0 152557 6 0 0 0 1
ood_1_hi 1 655360 1048577 671088 678490 959916 2674787 152557 188288 70640043 12570386 910 0 152557 6 0 0 0 1
ood_2_lo 1 655360 786432 608173 678490 959916 2674787 152557 188288 70640043 12570386 910 0 152557 6 0 0 0 1
ood_2_hi 1 655360 786432 734004 678490 959916 2674787 152557 188288 70640043 12570386 910 0 152557 6 0 0 0 1
ood_3_lo 1 655360 786432 671088 308404 959916 2674787 152557 188288 70640043 12570386 910 0 152557 6 0 0 0 1
ood_3_hi 1 655360 786432 671088 1048577 959916 2674787 152557 188288 70640043 12570386 910 0 152557 6 0 0 0 1
ood_4_lo 1 655360 786432 671088 678490 799110 2674787 152557 188288 70640043 12570386 910 0 152557 6 0 0 0 1
ood_4_hi 1 655360 786432 671088 678490 1120723 2674787 152557 188288 70640043 12570386 910 0 152557 6 0 0 0 1
ood_5_lo 1 655360 786432 671088 678490 959916 2178574 152557 188288 70640043 12570386 910 0 152557 6 0 0 0 1
ood_5_hi 1 655360 786432 671088 678490 959916 3171001 152557 188288 70640043 12570386 910 0 152557 6 0 0 0 1
ood_6_lo 1 655360 786432 671088 678490 959916 2674787 45164 188288 70640043 12570386 910 0 152557 6 0 0 0 1
ood_6_hi 1 655360 786432 671088 678490 959916 2674787 259951 188288 70640043 12570386 910 0 152557 6 0 0 0 1
ood_7_lo 1 655360 786432 671088 678490 959916 2674787 152557 170520 70640043 12570386 910 0 152557 6 0 0 0 1
ood_7_hi 1 655360 786432 671088 678490 959916 2674787 152557 206057 70640043 12570386 910 0 152557 6 0 0 0 1
ood_8_lo 1 655360 786432 671088 678490 959916 2674787 152557 188288 647778 12570386 910 0 152557 6 0 0 0 1
ood_8_hi 1 655360 786432 671088 678490 959916 2674787 152557 188288 140632308 12570386 910 0 152557 6 0 0 0 1
ood_9_lo 1 655360 786432 671088 678490 959916 2674787 152557 188288 70640043 77 910 0 152557 6 0 0 0 1
ood_9_hi 1 655360 786432 671088 678490 959916 2674787 152557 188288 70640043 25140696 910 0 152557 6 0 0 0 1
ood_10_lo 1 655360 786432 671088 678490 959916 2674787 152557 188288 70640043 12570386 -1 0 152557 6 0 0 0 1
ood_10_hi 1 655360 786432 671088 678490 959916 2674787 152557 188288 70640043 12570386 1821 0 152557 6 0 0 0 1
ood_11_lo 1 655360 786432 671088 678490 959916 2674787 152557 188288 70640043 12570386 910 -1 152557 6 0 0 0 1
ood_11_hi 1 655360 786432 671088 678490 959916 2674787 152557 188288 70640043 12570386 910 1 152557 6 0 0 0 1
ood_12_lo 1 655360 786432 671088 678490 959916 2674787 152557 188288 70640043 12570386 910 0 45164 6 0 0 0 1
ood_12_hi 1 655360 786432 671088 678490 959916 2674787 152557 188288 70640043 12570386 910 0 259951 6 0 0 0 1
envelope_0_4_lo 1 262144 524288 608174 308405 822484 2674965 57013 203561 11226078 96902 0 0 57013 6 0 0 1 1
envelope_8_2_lo 1 262144 1048576 734002 308405 1018529 2807183 56188 174309 2987246 31968 0 0 56188 6 0 8 4 1
envelope_15_0_lo 1 1048575 524288 734003 308405 1005800 2604478 65849 184179 2079649 1425789 1820 0 65849 6 0 15 4 1
invalid 0 655360 786432 671088 678490 959916 2674787 152557 188288 70640043 12570386 910 0 152557 6 0 0 0 1
