# name valid f0..f12 package direct path path_len ood
board_ef2_1bit_osr32_interp0_nominal_qam16_bw20_bo58 0 262144 524288 608174 0 4048098 1049056 1632176 1043968 699051 476625 0 0 0 6 0 0 0 1
board_ef2_1bit_osr32_interp0_nominal_qam16_bw20_bo70 0 262144 524288 734003 0 3354147 1049056 1646981 1055232 2029502 17772 0 0 0 6 0 0 0 1
board_ef2_1bit_osr32_interp0_nominal_qam16_bw40_bo58 0 262144 1048576 608174 0 4656749 1049056 1565796 1015808 454804 29959 0 0 0 6 0 0 0 1
board_ef2_1bit_osr32_interp0_nominal_qam16_bw40_bo70 0 262144 1048576 734003 0 3858450 1049056 1577188 1047552 1027176 6141659 0 0 0 6 0 0 0 1
board_ef2_1bit_osr32_interp0_nominal_qam64_bw20_bo58 0 1048576 524288 608174 0 4632455 1049056 1621347 1012736 3271557 1048576 0 0 0 6 0 0 0 1
board_ef2_1bit_osr32_interp0_nominal_qam64_bw20_bo70 0 1048576 524288 734003 0 3838320 1049056 1632692 1049088 4613734 2068812 0 0 0 6 0 0 0 1
board_ef2_1bit_osr32_interp0_nominal_qam64_bw40_bo58 0 1048576 1048576 608174 0 5048972 1049056 1568211 1066496 652447 1620527 0 0 0 6 0 0 0 1
board_ef2_1bit_osr32_interp0_nominal_qam64_bw40_bo70 0 1048576 1048576 734003 0 4183435 1049056 1571159 1056768 3704969 1267029 0 0 0 6 0 0 0 1
board_nominal_qam16_bw20_bo58 0 262144 524288 608174 0 4048098 1049056 1632176 1046016 147169 1747627 0 0 0 6 0 0 0 1
board_nominal_qam16_bw20_bo70 0 262144 524288 734003 0 3354147 1049056 1646981 1043968 349525 4194304 0 0 0 6 0 0 0 1
board_nominal_qam16_bw40_bo58 0 262144 1048576 608174 0 4656749 1049056 1565796 1048576 233017 403298 0 0 0 6 0 0 0 1
board_nominal_qam16_bw40_bo70 0 262144 1048576 734003 0 3858450 1049056 1577188 1047040 100548 419430 0 0 0 6 0 0 0 1
board_nominal_qam64_bw20_bo58 0 1048576 524288 608174 0 4632455 1049056 1621347 1029120 331129 349525 0 0 0 6 0 0 0 1
board_nominal_qam64_bw20_bo70 0 1048576 524288 734003 0 3838320 1049056 1632692 1047040 2764428 3295525 0 0 0 6 0 0 0 1
board_nominal_qam64_bw40_bo58 0 1048576 1048576 608174 0 5048972 1049056 1561572 1057792 326224 1887437 0 0 0 6 0 0 0 1
board_nominal_qam64_bw40_bo70 0 1048576 1048576 734003 0 4183435 1049056 1571159 1052672 196608 0 0 0 0 6 0 0 0 1
